0 33 36 1 9999
1 35 36 1 9999
2 42 49 1 9999
3 21 12 1 9999
4 27 40 1 9999
5 9 13 1 9999
6 26 40 2 9999
7 11 18 2 9999
8 17 29 2 9999
9 32 30 3 9999
10 35 29 3 9999
11 2 22 3 9999
12 8 19 3 9999
13 17 43 3 9999
14 6 11 3 9999
15 42 29 3 9999
16 23 21 3 9999
17 19 34 3 9999
18 37 48 4 9999
19 13 26 4 9999
20 41 30 4 9999
21 6 23 4 9999
22 12 20 4 9999
23 46 31 4 9999
24 5 25 5 9999
25 5 46 5 9999
26 29 13 5 9999
27 7 24 5 9999
28 45 32 6 9999
29 34 14 6 9999
30 43 0 6 9999
31 37 8 6 9999
32 26 28 6 9999
33 38 34 6 9999
34 3 1 6 9999
35 4 49 7 9999
36 18 39 8 9999
37 44 39 8 9999
38 45 20 8 9999
39 34 28 8 9999
40 17 1 8 9999
41 47 2 9 9999
42 6 1 9 9999
43 30 36 10 9999
44 44 19 10 9999
45 40 29 10 9999
46 31 17 10 9999
47 47 21 11 9999
48 27 17 11 9999
49 6 47 11 9999
50 3 36 11 9999
51 15 6 11 9999
52 33 19 11 9999
53 24 28 12 9999
54 3 19 12 9999
55 20 18 12 9999
56 8 15 12 9999
57 40 49 12 9999
58 46 23 13 9999
59 1 21 13 9999
60 5 29 13 9999
61 38 14 13 9999
62 28 41 13 9999
63 0 43 13 9999
64 0 34 14 9999
65 37 6 14 9999
66 43 41 14 9999
67 27 15 15 9999
68 1 37 15 9999
69 28 25 15 9999
70 7 24 15 9999
71 21 8 16 9999
72 35 43 16 9999
73 18 28 16 9999
74 43 11 16 9999
75 28 29 16 9999
76 26 4 16 9999
77 43 13 17 9999
78 40 4 17 9999
79 18 28 17 9999
80 38 19 17 9999
81 17 46 17 9999
82 24 43 17 9999
83 20 33 18 9999
84 25 44 18 9999
85 40 5 18 9999
86 39 4 18 9999
87 36 19 18 9999
88 32 42 18 9999
89 14 47 19 9999
90 48 11 19 9999
91 22 28 19 9999
92 49 43 19 9999
93 46 18 19 9999
94 40 22 19 9999
95 11 10 19 9999
96 5 1 20 9999
97 5 20 20 9999
98 36 44 20 9999
99 26 22 20 9999
100 15 8 20 9999
101 16 32 20 9999
102 8 24 21 9999
103 0 36 21 9999
104 2 49 21 9999
105 29 0 21 9999
106 18 21 22 9999
107 30 33 22 9999
108 44 10 22 9999
109 13 49 22 9999
110 31 49 22 9999
111 46 9 22 9999
112 23 13 23 9999
113 26 16 23 9999
114 34 40 23 9999
115 40 34 23 9999
116 26 42 23 9999
117 36 7 23 9999
118 45 6 24 9999
119 12 48 24 9999
120 22 9 24 9999
121 9 36 24 9999
122 10 42 24 9999
123 37 6 24 9999
124 1 13 24 9999
125 22 21 24 9999
126 5 19 24 9999
127 49 21 25 9999
128 40 17 25 9999
129 5 28 25 9999
130 27 0 25 9999
131 34 8 25 9999
132 20 24 25 9999
133 22 19 25 9999
134 46 31 26 9999
135 22 0 26 9999
136 25 35 26 9999
137 22 49 27 9999
138 13 48 27 9999
139 40 24 27 9999
140 40 9 27 9999
141 31 19 27 9999
142 36 32 28 9999
143 29 19 28 9999
144 23 26 28 9999
145 0 5 28 9999
146 10 42 28 9999
147 29 34 28 9999
148 43 5 29 9999
149 13 11 29 9999
150 4 26 29 9999
151 9 44 29 9999
152 2 6 29 9999
153 34 21 30 9999
154 39 22 30 9999
155 8 48 30 9999
156 36 8 31 9999
157 33 48 31 9999
158 40 4 31 9999
159 17 46 31 9999
160 18 29 31 9999
161 0 46 32 9999
162 40 3 32 9999
163 33 13 32 9999
164 47 3 33 9999
165 2 46 33 9999
166 25 38 33 9999
167 7 29 33 9999
168 36 10 34 9999
169 4 28 34 9999
170 27 0 34 9999
171 48 6 34 9999
172 2 44 35 9999
173 39 2 35 9999
174 28 3 35 9999
175 0 31 35 9999
176 47 38 35 9999
177 9 1 35 9999
178 35 34 35 9999
179 39 42 35 9999
180 15 27 36 9999
181 14 35 36 9999
182 29 43 36 9999
183 35 27 37 9999
184 49 39 37 9999
185 17 38 37 9999
186 42 45 37 9999
187 43 44 37 9999
188 29 40 37 9999
189 32 40 38 9999
190 32 11 38 9999
191 42 10 38 9999
192 17 23 38 9999
193 11 31 38 9999
194 9 40 39 9999
195 27 34 39 9999
196 40 26 39 9999
197 24 7 39 9999
198 14 18 39 9999
199 5 8 40 9999
200 46 26 40 9999
201 44 16 40 9999
202 2 28 41 9999
203 47 20 41 9999
204 1 30 41 9999
205 31 43 41 9999
206 7 27 41 9999
207 12 36 41 9999
208 14 5 42 9999
209 29 10 42 9999
210 19 39 42 9999
211 24 5 43 9999
212 37 38 43 9999
213 38 16 43 9999
214 20 34 44 9999
215 10 49 44 9999
216 37 5 44 9999
217 9 17 44 9999
218 18 45 45 9999
219 23 37 45 9999
220 39 33 45 9999
221 7 28 45 9999
222 7 14 45 9999
223 21 29 45 9999
224 0 9 45 9999
225 18 38 46 9999
226 33 7 46 9999
227 31 43 46 9999
228 8 20 46 9999
229 49 17 47 9999
230 22 44 47 9999
231 23 47 47 9999
232 31 12 47 9999
233 32 40 47 9999
234 42 41 47 9999
235 7 15 47 9999
236 21 7 47 9999
237 24 41 48 9999
238 21 37 48 9999
239 40 4 48 9999
240 30 48 48 9999
241 25 31 48 9999
242 16 2 48 9999
243 31 39 48 9999
244 46 4 48 9999
245 38 30 48 9999
246 18 21 48 9999
247 20 12 49 9999
248 35 36 49 9999
249 4 26 49 9999
250 33 7 49 9999
251 9 7 49 9999
252 44 49 50 9999
253 36 10 50 9999
254 18 5 50 9999
255 13 49 50 9999
256 44 11 50 9999
257 5 34 50 9999
258 41 25 50 9999
259 5 14 50 9999
260 39 18 50 9999
261 43 18 51 9999
262 32 17 51 9999
263 30 43 51 9999
264 24 26 51 9999
265 43 36 51 9999
266 3 43 51 9999
267 24 14 52 9999
268 12 25 52 9999
269 38 19 52 9999
270 10 32 52 9999
271 44 17 52 9999
272 46 35 52 9999
273 37 41 53 9999
274 28 25 53 9999
275 41 10 53 9999
276 18 17 53 9999
277 36 13 53 9999
278 5 40 53 9999
279 8 30 54 9999
280 33 35 54 9999
281 39 23 54 9999
282 4 1 54 9999
283 5 0 54 9999
284 18 3 55 9999
285 39 49 55 9999
286 20 17 55 9999
287 26 13 55 9999
288 27 46 55 9999
289 31 15 55 9999
290 10 36 55 9999
291 5 20 56 9999
292 32 46 56 9999
293 29 21 56 9999
294 20 34 56 9999
295 22 27 56 9999
296 34 40 56 9999
297 33 22 56 9999
298 48 30 56 9999
299 13 47 57 9999
300 14 9 57 9999
301 22 47 57 9999
302 24 32 57 9999
303 35 32 57 9999
304 4 43 57 9999
305 48 36 58 9999
306 12 33 58 9999
307 41 48 58 9999
308 23 24 58 9999
309 22 4 58 9999
310 35 21 58 9999
311 7 15 59 9999
312 19 18 59 9999
313 1 3 59 9999
314 3 33 59 9999
315 7 9 59 9999
316 28 6 59 9999
317 47 20 59 9999
318 34 8 60 9999
319 26 48 60 9999
320 15 2 60 9999
321 21 39 60 9999
322 9 6 60 9999
323 10 16 60 9999
324 24 9 60 9999
325 39 0 60 9999
326 28 9 61 9999
327 38 39 61 9999
328 26 17 61 9999
329 47 23 61 9999
330 37 31 61 9999
331 32 22 62 9999
332 29 40 62 9999
333 4 0 62 9999
334 31 13 62 9999
335 7 44 62 9999
336 31 3 62 9999
337 20 33 62 9999
338 32 31 63 9999
339 25 4 63 9999
340 22 42 63 9999
341 1 47 63 9999
342 32 34 63 9999
343 31 6 63 9999
344 15 7 63 9999
345 8 45 64 9999
346 33 26 64 9999
347 4 27 64 9999
348 9 37 64 9999
349 32 21 64 9999
350 16 13 64 9999
351 10 32 64 9999
352 11 35 65 9999
353 40 33 65 9999
354 14 26 65 9999
355 16 20 65 9999
356 42 25 65 9999
357 28 39 65 9999
358 25 40 66 9999
359 43 37 66 9999
360 28 32 66 9999
361 21 10 67 9999
362 15 20 67 9999
363 37 3 67 9999
364 8 22 67 9999
365 33 0 67 9999
366 7 47 68 9999
367 21 1 68 9999
368 49 10 68 9999
369 28 39 68 9999
370 48 38 68 9999
371 10 43 68 9999
372 27 40 68 9999
373 26 49 69 9999
374 27 49 69 9999
375 7 16 69 9999
376 2 17 69 9999
377 41 35 69 9999
378 18 48 69 9999
379 34 45 69 9999
380 26 5 70 9999
381 28 8 70 9999
382 43 28 70 9999
383 47 5 70 9999
384 22 24 70 9999
385 45 0 71 9999
386 12 27 71 9999
387 32 21 71 9999
388 43 34 71 9999
389 39 34 71 9999
390 21 9 71 9999
391 35 7 72 9999
392 22 41 72 9999
393 16 2 72 9999
394 0 12 72 9999
395 32 49 72 9999
396 17 4 72 9999
397 23 15 73 9999
398 40 13 73 9999
399 41 22 73 9999
400 37 9 73 9999
401 28 21 73 9999
402 30 37 73 9999
403 6 40 74 9999
404 15 11 74 9999
405 19 17 74 9999
406 11 33 74 9999
407 1 12 75 9999
408 17 14 75 9999
409 39 32 75 9999
410 4 25 75 9999
411 29 41 75 9999
412 12 38 76 9999
413 6 44 76 9999
414 10 49 76 9999
415 14 15 76 9999
416 14 26 77 9999
417 19 35 77 9999
418 2 21 77 9999
419 43 40 77 9999
420 39 9 77 9999
421 31 23 77 9999
422 14 35 77 9999
423 48 45 77 9999
424 27 13 77 9999
425 33 48 78 9999
426 43 18 78 9999
427 6 10 78 9999
428 33 23 78 9999
429 36 21 78 9999
430 8 27 78 9999
431 40 45 78 9999
432 31 11 78 9999
433 40 23 79 9999
434 25 14 79 9999
435 42 24 79 9999
436 9 19 79 9999
437 39 44 79 9999
438 19 38 80 9999
439 19 33 80 9999
440 43 4 80 9999
441 6 31 80 9999
442 25 16 80 9999
443 11 17 80 9999
444 12 42 80 9999
445 29 2 81 9999
446 24 7 81 9999
447 18 16 81 9999
448 33 27 81 9999
449 37 22 81 9999
450 23 7 81 9999
451 12 25 82 9999
452 18 41 82 9999
453 3 26 82 9999
454 24 30 83 9999
455 5 30 83 9999
456 29 9 83 9999
457 48 10 84 9999
458 30 41 84 9999
459 2 10 84 9999
460 30 26 84 9999
461 33 39 84 9999
462 40 8 84 9999
463 23 38 85 9999
464 10 20 85 9999
465 5 40 85 9999
466 13 41 85 9999
467 38 20 85 9999
468 21 17 85 9999
469 29 21 86 9999
470 49 24 86 9999
471 38 4 86 9999
472 36 19 86 9999
473 32 19 86 9999
474 10 23 86 9999
475 30 33 86 9999
476 13 37 87 9999
477 49 1 87 9999
478 39 14 87 9999
479 42 30 87 9999
480 36 15 87 9999
481 49 15 87 9999
482 36 31 87 9999
483 11 34 88 9999
484 37 23 88 9999
485 43 19 88 9999
486 42 4 88 9999
487 44 24 88 9999
488 39 9 88 9999
489 13 18 88 9999
490 3 12 89 9999
491 33 49 89 9999
492 34 19 89 9999
493 15 35 90 9999
494 0 37 90 9999
495 2 37 90 9999
496 12 39 90 9999
497 10 5 90 9999
498 10 4 90 9999
499 11 7 91 9999
500 42 21 91 9999
501 22 5 91 9999
502 43 29 91 9999
503 11 28 91 9999
504 28 47 92 9999
505 37 49 92 9999
506 1 39 92 9999
507 36 3 92 9999
508 26 48 93 9999
509 7 42 93 9999
510 17 14 93 9999
511 21 20 93 9999
512 30 16 93 9999
513 44 4 94 9999
514 34 17 94 9999
515 12 31 94 9999
516 17 9 94 9999
517 15 6 94 9999
518 8 19 94 9999
519 45 22 95 9999
520 9 1 95 9999
521 26 2 95 9999
522 21 40 95 9999
523 25 43 95 9999
524 22 41 95 9999
525 39 27 95 9999
526 16 28 95 9999
527 12 0 96 9999
528 13 36 96 9999
529 49 20 97 9999
530 41 42 97 9999
531 39 37 97 9999
532 13 48 97 9999
533 40 39 97 9999
534 2 13 97 9999
535 31 28 98 9999
536 46 33 98 9999
537 38 25 98 9999
538 45 40 98 9999
539 21 22 98 9999
540 26 34 99 9999
541 2 45 99 9999
542 22 46 99 9999
543 39 11 99 9999
544 33 3 100 9999
545 16 39 100 9999
546 24 44 100 9999
547 46 30 100 9999
548 17 44 100 9999
549 13 7 101 9999
550 42 32 101 9999
551 26 29 101 9999
552 40 3 101 9999
553 35 45 101 9999
554 48 7 101 9999
555 41 37 102 9999
556 34 1 102 9999
557 33 0 102 9999
558 42 9 103 9999
559 13 35 103 9999
560 4 23 103 9999
561 6 14 103 9999
562 23 1 104 9999
563 39 4 104 9999
564 15 36 104 9999
565 2 25 104 9999
566 29 41 104 9999
567 47 7 104 9999
568 34 31 104 9999
569 11 19 105 9999
570 27 44 105 9999
571 19 43 105 9999
572 31 23 105 9999
573 18 37 105 9999
574 39 43 106 9999
575 20 30 106 9999
576 48 36 106 9999
577 18 2 106 9999
578 13 48 106 9999
579 45 10 107 9999
580 16 48 107 9999
581 25 22 107 9999
582 28 3 107 9999
583 16 47 107 9999
584 48 47 107 9999
585 22 16 107 9999
586 36 12 108 9999
587 3 47 108 9999
588 32 3 108 9999
589 35 1 108 9999
590 7 48 108 9999
591 49 4 109 9999
592 3 25 109 9999
593 34 28 109 9999
594 47 13 109 9999
595 33 15 109 9999
596 10 31 109 9999
597 14 35 110 9999
598 8 29 110 9999
599 49 13 110 9999
600 29 34 111 9999
601 25 15 111 9999
602 36 30 111 9999
603 26 42 111 9999
604 16 29 112 9999
605 16 15 112 9999
606 45 33 112 9999
607 28 26 113 9999
608 0 12 113 9999
609 36 29 113 9999
610 13 0 113 9999
611 8 47 113 9999
612 16 25 113 9999
613 32 44 113 9999
614 40 20 114 9999
615 44 49 114 9999
616 34 46 114 9999
617 8 3 114 9999
618 12 3 114 9999
619 36 42 114 9999
620 32 34 115 9999
621 19 46 115 9999
622 15 34 115 9999
623 46 24 115 9999
624 32 15 115 9999
625 1 16 115 9999
626 11 43 115 9999
627 37 11 115 9999
628 2 31 116 9999
629 20 41 116 9999
630 43 24 116 9999
631 28 35 116 9999
632 8 12 117 9999
633 13 16 117 9999
634 11 0 117 9999
635 15 37 117 9999
636 34 32 117 9999
637 40 0 118 9999
638 30 44 118 9999
639 43 13 118 9999
640 4 32 118 9999
641 44 25 118 9999
642 23 38 118 9999
643 1 23 119 9999
644 31 13 119 9999
645 33 49 119 9999
646 27 35 119 9999
647 14 19 119 9999
648 46 7 120 9999
649 11 23 120 9999
650 37 7 120 9999
651 36 43 120 9999
652 39 31 121 9999
653 21 18 121 9999
654 46 34 121 9999
655 33 14 121 9999
656 17 47 121 9999
657 0 17 121 9999
658 24 35 122 9999
659 32 49 122 9999
660 29 23 122 9999
661 40 42 122 9999
662 47 29 122 9999
663 49 35 123 9999
664 43 5 123 9999
665 39 16 123 9999
666 25 36 124 9999
667 20 7 124 9999
668 4 37 125 9999
669 26 47 125 9999
670 5 27 125 9999
671 28 19 125 9999
672 20 27 125 9999
673 48 20 126 9999
674 33 16 126 9999
675 17 23 126 9999
676 32 42 126 9999
677 11 35 126 9999
678 3 13 127 9999
679 45 48 127 9999
680 10 18 127 9999
681 26 9 128 9999
682 4 23 128 9999
683 7 31 128 9999
684 23 29 128 9999
685 46 44 128 9999
686 42 30 128 9999
687 12 9 128 9999
688 5 47 128 9999
689 4 16 129 9999
690 42 23 129 9999
691 1 38 129 9999
692 21 13 129 9999
693 8 49 129 9999
694 22 34 129 9999
695 5 11 129 9999
696 40 30 130 9999
697 0 20 130 9999
698 0 42 130 9999
699 2 12 130 9999
700 4 7 130 9999
701 9 8 130 9999
702 25 44 130 9999
703 17 8 130 9999
704 36 40 130 9999
705 10 26 130 9999
706 14 23 131 9999
707 21 20 131 9999
708 9 13 131 9999
709 0 32 132 9999
710 8 6 132 9999
711 27 10 132 9999
712 18 31 132 9999
713 19 28 133 9999
714 8 5 133 9999
715 10 1 133 9999
716 15 39 133 9999
717 17 40 133 9999
718 26 32 133 9999
719 38 49 134 9999
720 7 32 134 9999
721 48 11 134 9999
722 17 7 134 9999
723 19 47 135 9999
724 39 18 135 9999
725 20 35 135 9999
726 42 30 135 9999
727 42 4 136 9999
728 0 21 136 9999
729 35 38 136 9999
730 20 40 136 9999
731 40 34 136 9999
732 47 25 136 9999
733 33 11 136 9999
734 44 42 136 9999
735 30 41 137 9999
736 4 38 137 9999
737 42 30 137 9999
738 22 34 137 9999
739 35 8 138 9999
740 44 2 138 9999
741 45 34 138 9999
742 22 37 139 9999
743 2 42 139 9999
744 48 46 139 9999
745 36 30 139 9999
746 40 49 139 9999
747 1 12 139 9999
748 6 39 140 9999
749 28 32 140 9999
750 7 38 140 9999
751 26 37 141 9999
752 44 5 141 9999
753 14 32 141 9999
754 32 23 141 9999
755 19 36 141 9999
756 15 17 142 9999
757 24 4 142 9999
758 0 36 142 9999
759 10 42 142 9999
760 42 8 142 9999
761 14 23 143 9999
762 19 10 143 9999
763 10 40 143 9999
764 2 5 143 9999
765 47 16 143 9999
766 39 31 143 9999
767 39 8 144 9999
768 1 11 144 9999
769 24 28 144 9999
770 15 27 144 9999
771 16 26 144 9999
772 19 11 144 9999
773 34 33 144 9999
774 36 27 145 9999
775 16 10 145 9999
776 39 20 145 9999
777 17 36 145 9999
778 36 8 145 9999
779 17 27 145 9999
780 16 36 145 9999
781 35 43 146 9999
782 17 12 146 9999
783 46 34 146 9999
784 40 17 146 9999
785 45 24 146 9999
786 0 31 146 9999
787 2 8 146 9999
788 30 1 147 9999
789 47 11 147 9999
790 26 34 147 9999
791 19 45 147 9999
792 13 35 147 9999
793 31 1 147 9999
794 30 20 148 9999
795 11 46 148 9999
796 24 1 149 9999
797 16 2 149 9999
798 32 25 149 9999
799 32 33 149 9999
800 2 27 150 9999
801 1 35 150 9999
802 10 46 150 9999
803 49 47 150 9999
804 29 2 150 9999
805 28 49 150 9999
806 49 28 150 9999
807 39 13 151 9999
808 40 34 151 9999
809 44 9 151 9999
810 36 26 151 9999
811 34 21 151 9999
812 9 38 151 9999
813 0 34 152 9999
814 25 0 152 9999
815 31 26 152 9999
816 0 12 152 9999
817 28 14 152 9999
818 29 8 152 9999
819 3 44 152 9999
820 34 19 152 9999
821 11 27 152 9999
822 5 7 153 9999
823 22 15 153 9999
824 45 10 153 9999
825 15 32 153 9999
826 49 7 153 9999
827 17 26 154 9999
828 10 13 154 9999
829 32 38 154 9999
830 27 14 154 9999
831 46 33 154 9999
832 8 30 154 9999
833 4 19 155 9999
834 45 1 155 9999
835 13 17 155 9999
836 18 10 155 9999
837 29 35 155 9999
838 42 31 155 9999
839 43 12 155 9999
840 7 3 155 9999
841 13 12 155 9999
842 13 28 155 9999
843 46 1 156 9999
844 41 19 156 9999
845 31 45 156 9999
846 40 39 156 9999
847 4 19 156 9999
848 36 8 156 9999
849 32 4 157 9999
850 14 37 157 9999
851 14 7 157 9999
852 1 24 157 9999
853 10 14 157 9999
854 38 23 157 9999
855 43 34 157 9999
856 26 1 158 9999
857 16 6 158 9999
858 39 6 158 9999
859 47 45 158 9999
860 26 34 158 9999
861 3 10 159 9999
862 23 48 159 9999
863 45 40 159 9999
864 5 46 159 9999
865 16 17 159 9999
866 13 4 159 9999
867 40 8 160 9999
868 35 43 160 9999
869 5 1 160 9999
870 1 44 160 9999
871 10 1 161 9999
872 47 48 161 9999
873 25 31 161 9999
874 6 0 161 9999
875 29 1 161 9999
876 42 34 161 9999
877 49 10 161 9999
878 1 14 162 9999
879 5 11 162 9999
880 33 42 162 9999
881 6 40 162 9999
882 46 9 163 9999
883 28 46 163 9999
884 47 25 163 9999
885 44 24 163 9999
886 6 0 163 9999
887 25 35 164 9999
888 5 30 164 9999
889 24 19 164 9999
890 46 17 164 9999
891 44 3 164 9999
892 30 29 164 9999
893 46 36 164 9999
894 20 44 164 9999
895 45 8 165 9999
896 48 5 165 9999
897 13 44 165 9999
898 30 21 166 9999
899 0 28 166 9999
900 29 7 166 9999
901 8 3 166 9999
902 29 7 166 9999
903 22 25 166 9999
904 10 2 166 9999
905 4 8 166 9999
906 40 26 166 9999
907 2 36 167 9999
908 23 4 167 9999
909 1 37 167 9999
910 1 33 167 9999
911 10 48 167 9999
912 42 19 167 9999
913 0 21 168 9999
914 6 37 168 9999
915 38 28 168 9999
916 12 1 168 9999
917 33 18 169 9999
918 14 11 169 9999
919 32 22 169 9999
920 7 29 169 9999
921 11 44 169 9999
922 30 44 169 9999
923 7 28 169 9999
924 37 26 169 9999
925 28 10 170 9999
926 34 25 170 9999
927 32 15 170 9999
928 39 33 170 9999
929 48 8 171 9999
930 10 35 171 9999
931 39 33 171 9999
932 44 46 171 9999
933 12 5 171 9999
934 43 42 171 9999
935 0 20 171 9999
936 39 28 172 9999
937 37 42 172 9999
938 41 14 172 9999
939 24 8 172 9999
940 4 9 173 9999
941 31 19 173 9999
942 16 18 173 9999
943 10 49 173 9999
944 13 6 173 9999
945 13 18 174 9999
946 1 27 174 9999
947 11 29 174 9999
948 28 12 174 9999
949 36 17 174 9999
950 5 29 174 9999
951 33 29 174 9999
952 39 37 175 9999
953 45 30 175 9999
954 24 11 175 9999
955 49 34 175 9999
956 11 14 175 9999
957 43 26 175 9999
958 34 42 176 9999
959 11 18 176 9999
960 25 41 176 9999
961 31 13 176 9999
962 10 36 177 9999
963 35 33 177 9999
964 8 32 177 9999
965 37 3 177 9999
966 15 13 177 9999
967 17 14 177 9999
968 48 30 178 9999
969 14 35 178 9999
970 38 23 178 9999
971 31 2 178 9999
972 42 9 179 9999
973 6 13 179 9999
974 21 2 179 9999
975 30 6 180 9999
976 24 44 180 9999
977 6 38 180 9999
978 11 20 180 9999
979 38 41 180 9999
980 2 29 180 9999
981 48 18 181 9999
982 0 42 181 9999
983 34 9 181 9999
984 38 11 181 9999
985 35 46 181 9999
986 24 6 181 9999
987 48 6 181 9999
988 13 35 182 9999
989 44 10 182 9999
990 2 7 182 9999
991 32 40 182 9999
992 1 36 182 9999
993 21 49 182 9999
994 4 39 182 9999
995 39 46 182 9999
996 39 34 183 9999
997 43 36 183 9999
998 18 19 183 9999
999 42 18 183 9999
1000 26 7 183 9999
1001 3 25 184 9999
1002 25 19 184 9999
1003 27 9 184 9999
1004 9 30 184 9999
1005 45 32 184 9999
1006 31 0 184 9999
1007 22 20 184 9999
1008 46 13 184 9999
1009 6 29 184 9999
1010 14 28 184 9999
1011 24 0 185 9999
1012 18 22 185 9999
1013 4 22 185 9999
1014 47 17 186 9999
1015 9 48 186 9999
1016 4 20 186 9999
1017 28 0 186 9999
1018 5 9 186 9999
1019 0 29 186 9999
1020 31 48 186 9999
1021 42 38 186 9999
1022 27 6 187 9999
1023 19 48 187 9999
1024 3 37 187 9999
1025 20 7 188 9999
1026 3 40 188 9999
1027 21 14 188 9999
1028 38 26 188 9999
1029 36 16 188 9999
1030 26 41 188 9999
1031 27 28 188 9999
1032 22 9 189 9999
1033 4 23 189 9999
1034 17 8 189 9999
1035 32 38 189 9999
1036 8 37 189 9999
1037 26 30 189 9999
1038 44 39 189 9999
1039 1 22 190 9999
1040 6 30 190 9999
1041 22 43 190 9999
1042 49 48 191 9999
1043 9 37 191 9999
1044 2 26 191 9999
1045 38 8 192 9999
1046 31 46 192 9999
1047 28 20 192 9999
1048 24 8 192 9999
1049 14 12 193 9999
1050 35 15 193 9999
1051 34 7 193 9999
1052 10 35 193 9999
1053 7 46 193 9999
1054 14 33 193 9999
1055 5 3 194 9999
1056 48 33 194 9999
1057 0 18 194 9999
1058 16 46 194 9999
1059 49 37 194 9999
1060 21 9 195 9999
1061 42 43 195 9999
1062 25 27 195 9999
1063 10 12 195 9999
1064 36 20 195 9999
1065 47 43 195 9999
1066 17 11 195 9999
1067 28 24 195 9999
1068 17 16 196 9999
1069 43 9 196 9999
1070 36 9 196 9999
1071 7 35 196 9999
1072 46 30 196 9999
1073 45 2 196 9999
1074 17 16 196 9999
1075 46 13 196 9999
1076 42 24 197 9999
1077 44 3 197 9999
1078 6 13 197 9999
1079 17 34 197 9999
1080 39 34 197 9999
1081 2 49 197 9999
1082 43 18 198 9999
1083 4 13 198 9999
1084 42 2 198 9999
1085 44 37 198 9999
1086 4 11 199 9999
1087 48 27 199 9999
1088 0 4 199 9999
1089 39 46 199 9999
1090 9 45 200 9999
1091 2 12 200 9999
1092 32 2 200 9999
1093 7 3 200 9999
1094 46 11 200 9999
1095 10 0 200 9999
1096 27 2 201 9999
1097 7 34 201 9999
1098 48 10 201 9999
1099 11 48 201 9999
1100 37 13 201 9999
1101 4 27 202 9999
1102 24 42 202 9999
1103 4 26 202 9999
1104 4 39 202 9999
1105 28 14 202 9999
1106 42 25 202 9999
1107 27 2 202 9999
1108 27 4 203 9999
1109 46 40 203 9999
1110 10 44 203 9999
1111 0 23 203 9999
1112 42 40 203 9999
1113 38 46 203 9999
1114 19 49 204 9999
1115 4 48 204 9999
1116 1 10 204 9999
1117 37 32 205 9999
1118 2 33 205 9999
1119 36 6 205 9999
1120 37 17 205 9999
1121 34 36 205 9999
1122 9 46 206 9999
1123 25 1 206 9999
1124 7 23 206 9999
1125 20 8 206 9999
1126 35 14 206 9999
1127 33 39 207 9999
1128 3 18 207 9999
1129 26 32 207 9999
1130 27 30 208 9999
1131 4 33 208 9999
1132 21 42 208 9999
1133 44 17 208 9999
1134 25 5 208 9999
1135 38 0 208 9999
1136 7 47 208 9999
1137 23 27 209 9999
1138 42 0 209 9999
1139 7 28 209 9999
1140 2 10 209 9999
1141 47 31 209 9999
1142 44 26 209 9999
1143 11 42 210 9999
1144 21 10 210 9999
1145 21 40 210 9999
1146 37 29 210 9999
1147 30 37 211 9999
1148 13 36 211 9999
1149 24 9 211 9999
1150 28 24 211 9999
1151 16 9 211 9999
1152 29 27 211 9999
1153 8 10 211 9999
1154 21 34 212 9999
1155 24 3 212 9999
1156 8 45 212 9999
1157 15 32 212 9999
1158 38 3 212 9999
1159 11 18 212 9999
1160 42 47 213 9999
1161 36 31 213 9999
1162 21 17 213 9999
1163 8 38 213 9999
1164 26 37 213 9999
1165 17 34 213 9999
1166 49 40 214 9999
1167 1 46 214 9999
1168 32 10 214 9999
1169 44 48 214 9999
1170 42 32 214 9999
1171 3 2 214 9999
1172 47 2 215 9999
1173 41 36 215 9999
1174 38 10 215 9999
1175 44 28 215 9999
1176 38 33 215 9999
1177 45 22 215 9999
1178 34 37 215 9999
1179 44 7 215 9999
1180 15 46 216 9999
1181 49 47 216 9999
1182 0 33 216 9999
1183 2 3 216 9999
1184 38 0 216 9999
1185 5 42 216 9999
1186 5 21 216 9999
1187 35 41 216 9999
1188 11 45 216 9999
1189 38 39 217 9999
1190 7 8 217 9999
1191 26 2 217 9999
1192 15 41 217 9999
1193 0 20 217 9999
1194 40 8 217 9999
1195 22 38 217 9999
1196 8 7 218 9999
1197 40 18 218 9999
1198 40 47 218 9999
1199 41 25 218 9999
1200 41 3 218 9999
1201 23 29 218 9999
1202 44 8 218 9999
1203 2 33 219 9999
1204 20 27 219 9999
1205 0 22 219 9999
1206 0 40 219 9999
1207 30 24 219 9999
1208 30 38 219 9999
1209 31 21 220 9999
1210 19 11 220 9999
1211 12 46 220 9999
1212 4 17 220 9999
1213 19 33 220 9999
1214 12 28 220 9999
1215 37 45 220 9999
1216 46 0 220 9999
1217 4 16 220 9999
1218 29 6 220 9999
1219 38 29 221 9999
1220 29 8 221 9999
1221 37 0 221 9999
1222 7 18 221 9999
1223 15 28 221 9999
1224 37 28 221 9999
1225 40 35 222 9999
1226 17 22 222 9999
1227 35 7 222 9999
1228 19 31 222 9999
1229 7 23 223 9999
1230 39 18 223 9999
1231 27 7 223 9999
1232 23 6 223 9999
1233 15 12 223 9999
1234 8 24 223 9999
1235 30 26 223 9999
1236 4 19 224 9999
1237 39 6 224 9999
1238 12 8 224 9999
1239 28 47 224 9999
1240 15 47 224 9999
1241 30 22 224 9999
1242 22 29 225 9999
1243 31 33 225 9999
1244 27 6 225 9999
1245 41 44 225 9999
1246 19 2 225 9999
1247 20 1 225 9999
1248 28 26 225 9999
1249 23 34 226 9999
1250 29 44 226 9999
1251 34 9 226 9999
1252 41 49 226 9999
1253 9 23 226 9999
1254 24 31 226 9999
1255 2 35 227 9999
1256 20 1 227 9999
1257 24 11 227 9999
1258 45 43 227 9999
1259 15 17 228 9999
1260 22 30 228 9999
1261 17 4 228 9999
1262 7 46 228 9999
1263 48 41 228 9999
1264 8 39 228 9999
1265 43 17 228 9999
1266 12 17 228 9999
1267 0 16 229 9999
1268 22 9 229 9999
1269 41 46 229 9999
1270 23 38 229 9999
1271 42 38 229 9999
1272 5 39 229 9999
1273 32 0 230 9999
1274 17 21 230 9999
1275 16 15 230 9999
1276 15 24 230 9999
1277 6 8 230 9999
1278 41 20 230 9999
1279 25 41 230 9999
1280 38 29 230 9999
1281 31 28 230 9999
1282 1 40 231 9999
1283 9 41 231 9999
1284 2 16 231 9999
1285 32 36 231 9999
1286 16 45 232 9999
1287 23 1 232 9999
1288 29 38 232 9999
1289 27 37 232 9999
1290 46 18 233 9999
1291 45 4 233 9999
1292 43 25 233 9999
1293 7 35 233 9999
1294 46 5 233 9999
1295 49 5 234 9999
1296 31 39 234 9999
1297 39 26 234 9999
1298 41 27 235 9999
1299 22 5 235 9999
1300 8 10 235 9999
1301 1 26 235 9999
1302 19 27 235 9999
1303 40 15 235 9999
1304 31 33 236 9999
1305 39 46 236 9999
1306 20 46 236 9999
1307 44 23 237 9999
1308 11 4 237 9999
1309 5 38 237 9999
1310 45 21 237 9999
1311 19 26 237 9999
1312 27 29 237 9999
1313 30 5 237 9999
1314 49 7 237 9999
1315 46 16 238 9999
1316 29 2 238 9999
1317 49 25 238 9999
1318 24 46 238 9999
1319 22 47 238 9999
1320 16 47 238 9999
1321 11 27 239 9999
1322 48 40 239 9999
1323 37 18 239 9999
1324 16 49 239 9999
1325 46 21 239 9999
1326 48 5 239 9999
1327 19 16 240 9999
1328 25 5 240 9999
1329 26 3 240 9999
1330 30 22 240 9999
1331 25 29 240 9999
1332 38 22 241 9999
1333 11 36 241 9999
1334 26 1 241 9999
1335 23 44 241 9999
1336 20 39 241 9999
1337 46 18 241 9999
1338 12 46 242 9999
1339 20 35 242 9999
1340 40 47 242 9999
1341 42 18 242 9999
1342 0 22 243 9999
1343 33 0 243 9999
1344 47 1 243 9999
1345 28 8 243 9999
1346 37 4 243 9999
1347 12 1 244 9999
1348 2 16 244 9999
1349 43 26 244 9999
1350 0 8 244 9999
1351 48 37 244 9999
1352 0 48 244 9999
1353 29 19 244 9999
1354 48 4 245 9999
1355 47 28 246 9999
1356 13 36 246 9999
1357 14 27 246 9999
1358 1 15 246 9999
1359 9 4 246 9999
1360 14 12 247 9999
1361 20 18 247 9999
1362 41 7 247 9999
1363 21 39 247 9999
1364 39 40 247 9999
1365 39 43 248 9999
1366 1 47 248 9999
1367 8 2 248 9999
1368 5 23 249 9999
1369 42 39 249 9999
1370 12 46 249 9999
1371 4 26 250 9999
1372 39 34 250 9999
1373 10 49 250 9999
1374 5 1 250 9999
1375 40 47 250 9999
1376 42 33 251 9999
1377 7 11 251 9999
1378 46 11 251 9999
1379 19 21 251 9999
1380 2 41 252 9999
1381 37 43 252 9999
1382 36 15 252 9999
1383 12 2 253 9999
1384 46 4 253 9999
1385 46 47 253 9999
1386 44 46 253 9999
1387 42 29 253 9999
1388 49 6 253 9999
1389 17 8 253 9999
1390 17 15 254 9999
1391 24 27 254 9999
1392 11 21 254 9999
1393 8 0 254 9999
1394 16 46 254 9999
1395 16 30 254 9999
1396 49 0 255 9999
1397 40 34 255 9999
1398 46 36 255 9999
1399 30 40 255 9999
1400 16 32 255 9999
1401 46 35 255 9999
1402 42 14 255 9999
1403 1 14 256 9999
1404 30 3 256 9999
1405 14 40 257 9999
1406 22 12 257 9999
1407 37 22 257 9999
1408 47 25 257 9999
1409 21 39 257 9999
1410 10 20 257 9999
1411 26 42 257 9999
1412 10 42 258 9999
1413 19 25 258 9999
1414 30 33 258 9999
1415 27 20 259 9999
1416 38 49 259 9999
1417 30 20 259 9999
1418 38 2 259 9999
1419 32 25 260 9999
1420 48 21 260 9999
1421 13 20 260 9999
1422 47 7 260 9999
1423 32 41 260 9999
1424 34 41 260 9999
1425 21 3 261 9999
1426 46 26 261 9999
1427 13 5 261 9999
1428 2 3 261 9999
1429 7 32 262 9999
1430 8 20 262 9999
1431 12 42 262 9999
1432 23 12 262 9999
1433 14 38 262 9999
1434 32 13 262 9999
1435 48 15 263 9999
1436 28 37 263 9999
1437 27 33 263 9999
1438 25 23 263 9999
1439 9 40 263 9999
1440 28 11 263 9999
1441 46 35 263 9999
1442 45 22 263 9999
1443 32 31 264 9999
1444 25 28 264 9999
1445 8 39 264 9999
1446 19 43 264 9999
1447 4 17 265 9999
1448 20 41 265 9999
1449 38 47 265 9999
1450 25 13 266 9999
1451 1 48 266 9999
1452 2 38 266 9999
1453 45 24 267 9999
1454 28 25 267 9999
1455 31 8 267 9999
1456 35 22 267 9999
1457 29 30 267 9999
1458 27 46 268 9999
1459 13 32 268 9999
1460 37 10 268 9999
1461 7 1 268 9999
1462 33 43 268 9999
1463 7 36 268 9999
1464 43 9 268 9999
1465 26 39 268 9999
1466 35 49 269 9999
1467 45 23 269 9999
1468 38 30 269 9999
1469 47 17 269 9999
1470 13 24 269 9999
1471 16 5 269 9999
1472 15 18 269 9999
1473 49 3 270 9999
1474 14 1 270 9999
1475 15 0 270 9999
1476 47 26 270 9999
1477 26 38 271 9999
1478 2 5 271 9999
1479 3 27 271 9999
1480 43 35 271 9999
1481 25 11 271 9999
1482 48 1 271 9999
1483 27 6 272 9999
1484 17 47 272 9999
1485 3 23 272 9999
1486 3 17 272 9999
1487 27 18 272 9999
1488 19 26 272 9999
1489 44 46 272 9999
1490 14 5 273 9999
1491 29 27 274 9999
1492 14 36 274 9999
1493 15 16 274 9999
1494 15 21 275 9999
1495 2 7 275 9999
1496 1 27 275 9999
1497 10 20 275 9999
1498 6 31 275 9999
1499 40 32 276 9999
1500 33 12 276 9999
1501 20 43 276 9999
1502 41 49 276 9999
1503 32 16 277 9999
1504 31 13 277 9999
1505 21 4 277 9999
1506 49 31 277 9999
1507 1 40 278 9999
1508 25 37 278 9999
1509 33 15 278 9999
1510 20 11 278 9999
1511 5 18 278 9999
1512 46 17 278 9999
1513 41 39 278 9999
1514 10 42 278 9999
1515 23 29 279 9999
1516 41 35 279 9999
1517 7 47 279 9999
1518 37 40 279 9999
1519 49 38 279 9999
1520 30 3 279 9999
1521 21 34 280 9999
1522 45 31 280 9999
1523 33 0 280 9999
1524 1 29 280 9999
1525 19 42 281 9999
1526 43 9 281 9999
1527 47 16 281 9999
1528 44 39 281 9999
1529 3 38 282 9999
1530 31 25 282 9999
1531 41 2 282 9999
1532 12 21 282 9999
1533 13 32 282 9999
1534 17 44 283 9999
1535 44 39 283 9999
1536 40 14 283 9999
1537 21 27 283 9999
1538 9 30 283 9999
1539 25 26 283 9999
1540 16 31 283 9999
1541 30 4 284 9999
1542 4 3 284 9999
1543 35 7 284 9999
1544 15 6 284 9999
1545 22 47 284 9999
1546 25 17 284 9999
1547 14 45 284 9999
1548 13 8 285 9999
1549 7 31 285 9999
1550 33 39 285 9999
1551 8 11 285 9999
1552 17 24 286 9999
1553 15 25 286 9999
1554 22 30 287 9999
1555 16 3 287 9999
1556 42 41 287 9999
1557 20 8 287 9999
1558 38 35 288 9999
1559 42 33 288 9999
1560 22 27 288 9999
1561 22 32 288 9999
1562 38 42 289 9999
1563 36 0 289 9999
1564 18 9 289 9999
1565 22 48 289 9999
1566 18 5 289 9999
1567 45 34 289 9999
1568 8 39 289 9999
1569 28 29 289 9999
1570 47 16 290 9999
1571 5 7 290 9999
1572 26 29 290 9999
1573 35 1 290 9999
1574 11 25 290 9999
1575 45 19 291 9999
1576 12 7 291 9999
1577 17 36 291 9999
1578 7 35 291 9999
1579 41 3 291 9999
1580 22 49 292 9999
1581 40 18 292 9999
1582 47 5 292 9999
1583 11 4 293 9999
1584 0 43 293 9999
1585 47 27 293 9999
1586 38 17 293 9999
1587 37 24 294 9999
1588 40 37 294 9999
1589 41 27 294 9999
1590 28 46 294 9999
1591 1 30 294 9999
1592 38 3 294 9999
1593 10 30 295 9999
1594 35 14 295 9999
1595 3 27 295 9999
1596 0 5 295 9999
1597 20 47 295 9999
1598 32 8 295 9999
1599 14 22 296 9999
1600 18 29 296 9999
1601 11 9 296 9999
1602 39 7 296 9999
1603 10 19 297 9999
1604 28 38 297 9999
1605 41 16 297 9999
1606 25 7 297 9999
1607 19 3 297 9999
1608 7 24 297 9999
1609 25 5 297 9999
1610 7 34 298 9999
1611 9 4 298 9999
1612 39 40 298 9999
1613 15 1 298 9999
1614 1 7 298 9999
1615 8 12 298 9999
1616 28 6 299 9999
1617 18 4 299 9999
1618 1 45 300 9999
1619 19 45 300 9999
1620 26 4 300 9999
1621 12 45 300 9999
1622 35 31 300 9999
1623 6 40 301 9999
1624 23 0 301 9999
1625 16 32 301 9999
1626 14 45 302 9999
1627 25 12 302 9999
1628 13 29 302 9999
1629 10 27 302 9999
1630 0 10 302 9999
1631 46 47 302 9999
1632 38 24 302 9999
1633 4 0 302 9999
1634 21 39 303 9999
1635 4 29 303 9999
1636 41 27 303 9999
1637 29 7 303 9999
1638 11 44 303 9999
1639 4 2 303 9999
1640 38 14 303 9999
1641 29 3 304 9999
1642 6 10 304 9999
1643 25 4 304 9999
1644 10 14 304 9999
1645 28 14 304 9999
1646 14 0 304 9999
1647 3 48 304 9999
1648 30 37 305 9999
1649 33 38 305 9999
1650 37 45 305 9999
1651 34 44 305 9999
1652 49 23 305 9999
1653 8 28 305 9999
1654 28 37 305 9999
1655 39 41 305 9999
1656 46 49 306 9999
1657 32 29 306 9999
1658 23 49 306 9999
1659 29 47 306 9999
1660 9 16 306 9999
1661 3 20 306 9999
1662 46 36 307 9999
1663 45 27 307 9999
1664 32 20 307 9999
1665 37 13 307 9999
1666 48 27 307 9999
1667 2 41 307 9999
1668 23 3 307 9999
1669 9 25 308 9999
1670 38 43 308 9999
1671 35 19 308 9999
1672 42 46 308 9999
1673 37 45 308 9999
1674 16 33 308 9999
1675 31 27 309 9999
1676 48 49 309 9999
1677 42 38 309 9999
1678 12 40 309 9999
1679 15 14 309 9999
1680 31 40 310 9999
1681 33 36 310 9999
1682 22 23 310 9999
1683 29 7 310 9999
1684 45 21 310 9999
1685 4 32 310 9999
1686 18 22 311 9999
1687 39 19 311 9999
1688 21 39 311 9999
1689 18 15 311 9999
1690 27 33 312 9999
1691 38 34 312 9999
1692 19 33 312 9999
1693 2 4 312 9999
1694 19 24 312 9999
1695 28 49 313 9999
1696 39 7 313 9999
1697 43 12 313 9999
1698 25 45 313 9999
1699 13 16 313 9999
1700 14 37 313 9999
1701 6 34 313 9999
1702 2 33 313 9999
1703 17 10 313 9999
1704 30 17 314 9999
1705 33 18 314 9999
1706 41 3 314 9999
1707 44 21 314 9999
1708 4 28 314 9999
1709 46 28 314 9999
1710 17 5 314 9999
1711 21 29 315 9999
1712 49 34 315 9999
1713 32 5 315 9999
1714 19 34 316 9999
1715 21 7 316 9999
1716 47 39 316 9999
1717 44 30 316 9999
1718 8 37 316 9999
1719 35 4 316 9999
1720 10 39 317 9999
1721 0 13 317 9999
1722 41 31 317 9999
1723 46 12 317 9999
1724 26 46 317 9999
1725 46 8 318 9999
1726 44 6 318 9999
1727 41 17 318 9999
1728 13 38 318 9999
1729 9 19 318 9999
1730 19 48 318 9999
1731 6 23 319 9999
1732 16 18 319 9999
1733 8 32 319 9999
1734 11 41 319 9999
1735 28 23 319 9999
1736 18 26 319 9999
1737 20 28 319 9999
1738 30 37 320 9999
1739 15 46 320 9999
1740 9 3 320 9999
1741 5 20 321 9999
1742 33 47 321 9999
1743 27 31 322 9999
1744 13 28 322 9999
1745 10 7 322 9999
1746 8 36 323 9999
1747 3 15 323 9999
1748 47 29 323 9999
1749 41 43 323 9999
1750 44 37 323 9999
1751 4 49 323 9999
1752 44 24 323 9999
1753 26 18 324 9999
1754 25 42 324 9999
1755 23 21 324 9999
1756 41 39 324 9999
1757 1 3 324 9999
1758 46 9 325 9999
1759 49 28 325 9999
1760 11 47 325 9999
1761 9 3 325 9999
1762 40 3 325 9999
1763 42 46 325 9999
1764 5 39 325 9999
1765 22 33 325 9999
1766 7 18 325 9999
1767 44 27 326 9999
1768 16 29 326 9999
1769 42 17 326 9999
1770 32 40 326 9999
1771 28 24 326 9999
1772 15 23 326 9999
1773 25 45 326 9999
1774 34 22 327 9999
1775 10 34 327 9999
1776 10 15 327 9999
1777 23 35 327 9999
1778 0 32 327 9999
1779 3 44 327 9999
1780 10 46 327 9999
1781 32 13 328 9999
1782 31 44 328 9999
1783 49 9 328 9999
1784 20 16 328 9999
1785 34 45 328 9999
1786 11 21 329 9999
1787 36 27 329 9999
1788 46 49 329 9999
1789 44 21 330 9999
1790 37 41 330 9999
1791 16 35 331 9999
1792 37 40 331 9999
1793 30 31 331 9999
1794 41 3 332 9999
1795 18 47 332 9999
1796 23 37 332 9999
1797 11 9 332 9999
1798 14 10 332 9999
1799 8 10 332 9999
1800 31 44 332 9999
1801 7 37 333 9999
1802 18 25 333 9999
1803 38 17 333 9999
1804 12 28 333 9999
1805 49 46 333 9999
1806 19 41 333 9999
1807 1 28 334 9999
1808 18 27 334 9999
1809 34 29 334 9999
1810 39 0 335 9999
1811 23 44 335 9999
1812 18 12 335 9999
1813 27 19 336 9999
1814 8 15 336 9999
1815 10 39 336 9999
1816 17 6 337 9999
1817 39 29 337 9999
1818 14 38 337 9999
1819 47 42 338 9999
1820 24 18 338 9999
1821 30 36 338 9999
1822 43 26 338 9999
1823 6 5 339 9999
1824 2 25 339 9999
1825 36 19 339 9999
1826 36 27 339 9999
1827 36 44 339 9999
1828 37 44 339 9999
1829 4 26 339 9999
1830 23 19 340 9999
1831 40 1 340 9999
1832 46 16 340 9999
1833 21 28 340 9999
1834 5 14 340 9999
1835 5 11 340 9999
1836 21 11 340 9999
1837 41 49 340 9999
1838 13 16 341 9999
1839 14 21 341 9999
1840 49 1 341 9999
1841 15 5 341 9999
1842 30 41 342 9999
1843 39 37 342 9999
1844 16 37 342 9999
1845 3 39 342 9999
1846 16 8 343 9999
1847 27 36 343 9999
1848 15 28 343 9999
1849 1 33 343 9999
1850 15 33 343 9999
1851 38 29 343 9999
1852 6 39 343 9999
1853 32 22 344 9999
1854 21 9 344 9999
1855 32 12 344 9999
1856 46 1 344 9999
1857 0 1 345 9999
1858 46 43 345 9999
1859 36 25 345 9999
1860 29 3 346 9999
1861 18 15 346 9999
1862 26 49 346 9999
1863 22 15 346 9999
1864 31 46 346 9999
1865 10 44 346 9999
1866 13 31 347 9999
1867 3 46 347 9999
1868 45 4 347 9999
1869 39 13 347 9999
1870 18 35 347 9999
1871 8 6 347 9999
1872 10 37 347 9999
1873 9 15 347 9999
1874 17 46 348 9999
1875 34 7 348 9999
1876 38 15 348 9999
1877 3 0 348 9999
1878 9 16 348 9999
1879 33 14 348 9999
1880 11 28 348 9999
1881 19 10 349 9999
1882 39 44 349 9999
1883 34 48 349 9999
1884 1 46 349 9999
1885 35 10 349 9999
1886 11 5 349 9999
1887 8 46 350 9999
1888 47 21 350 9999
1889 47 0 350 9999
1890 23 9 350 9999
1891 18 6 350 9999
1892 25 31 350 9999
1893 34 45 350 9999
1894 41 10 350 9999
1895 19 40 351 9999
1896 0 16 351 9999
1897 24 35 351 9999
1898 27 37 351 9999
1899 42 37 352 9999
1900 15 29 352 9999
1901 41 13 352 9999
1902 31 14 352 9999
1903 22 49 353 9999
1904 7 44 353 9999
1905 22 17 353 9999
1906 15 17 353 9999
1907 31 43 353 9999
1908 17 47 354 9999
1909 5 47 354 9999
1910 14 41 354 9999
1911 32 34 354 9999
1912 6 11 355 9999
1913 42 45 355 9999
1914 44 15 355 9999
1915 45 27 355 9999
1916 22 39 355 9999
1917 2 39 355 9999
1918 5 17 355 9999
1919 9 36 356 9999
1920 30 35 356 9999
1921 14 36 356 9999
1922 35 30 356 9999
1923 27 17 357 9999
1924 42 9 357 9999
1925 25 37 357 9999
1926 4 22 357 9999
1927 2 1 358 9999
1928 1 17 358 9999
1929 48 20 358 9999
1930 26 36 358 9999
1931 33 7 358 9999
1932 21 13 358 9999
1933 42 37 358 9999
1934 1 29 359 9999
1935 32 16 359 9999
1936 27 26 359 9999
1937 27 4 359 9999
1938 13 31 359 9999
1939 26 17 359 9999
1940 35 28 360 9999
1941 11 26 360 9999
1942 4 39 360 9999
1943 12 37 360 9999
1944 46 35 360 9999
1945 2 41 360 9999
1946 25 4 360 9999
1947 20 42 360 9999
1948 34 17 360 9999
1949 24 2 361 9999
1950 0 16 361 9999
1951 13 29 361 9999
1952 36 48 361 9999
1953 7 29 361 9999
1954 26 38 362 9999
1955 30 18 362 9999
1956 31 28 362 9999
1957 5 34 363 9999
1958 42 23 363 9999
1959 26 9 363 9999
1960 49 31 363 9999
1961 7 2 364 9999
1962 25 38 364 9999
1963 7 23 364 9999
1964 45 38 364 9999
1965 1 36 364 9999
1966 31 5 364 9999
1967 30 13 364 9999
1968 23 12 365 9999
1969 13 9 365 9999
1970 40 5 365 9999
1971 32 16 365 9999
1972 16 34 365 9999
1973 47 23 365 9999
1974 36 10 365 9999
1975 34 9 365 9999
1976 35 23 365 9999
1977 18 11 366 9999
1978 8 38 366 9999
1979 18 39 366 9999
1980 1 43 366 9999
1981 3 44 367 9999
1982 34 43 367 9999
1983 14 18 367 9999
1984 9 32 367 9999
1985 2 9 367 9999
1986 7 41 367 9999
1987 19 42 367 9999
1988 2 6 368 9999
1989 37 30 368 9999
1990 32 46 368 9999
1991 18 2 368 9999
1992 35 21 368 9999
1993 45 40 368 9999
1994 17 20 368 9999
1995 41 27 368 9999
1996 6 36 369 9999
1997 26 29 369 9999
1998 6 35 369 9999
1999 22 27 369 9999
