0 33 36 1 9999
1 27 15 1 9999
2 43 35 1 9999
3 36 42 1 9999
4 49 21 2 9999
5 12 27 2 9999
6 40 9 2 9999
7 13 26 2 9999
8 40 26 3 9999
9 22 36 3 9999
10 11 18 3 9999
11 17 29 3 9999
12 32 30 3 9999
13 12 23 4 9999
14 17 35 4 9999
15 29 2 4 9999
16 22 8 4 9999
17 19 17 4 9999
18 43 6 5 9999
19 11 42 5 9999
20 29 23 5 9999
21 21 19 5 9999
22 34 37 5 9999
23 48 24 6 9999
24 15 20 6 9999
25 13 26 6 9999
26 41 30 6 9999
27 6 23 6 9999
28 12 20 6 9999
29 46 31 7 9999
30 5 25 7 9999
31 34 27 7 9999
32 36 5 7 9999
33 46 29 7 9999
34 13 7 7 9999
35 24 45 8 9999
36 32 45 8 9999
37 14 17 8 9999
38 34 14 8 9999
39 43 0 8 9999
40 37 8 8 9999
41 26 28 9 9999
42 38 34 9 9999
43 3 1 9 9999
44 4 49 9 9999
45 32 10 9 9999
46 26 18 9 9999
47 39 12 9 9999
48 26 36 10 9999
49 44 39 10 9999
50 45 20 10 9999
51 34 28 10 9999
52 17 1 10 9999
53 47 2 10 9999
54 17 42 10 9999
55 2 6 11 9999
56 1 30 11 9999
57 36 41 11 9999
58 15 39 11 9999
59 44 19 11 9999
60 40 29 11 9999
61 31 17 11 9999
62 47 21 12 9999
63 31 25 12 9999
64 9 27 12 9999
65 17 6 12 9999
66 47 3 12 9999
67 36 15 12 9999
68 6 33 12 9999
69 19 24 13 9999
70 28 21 13 9999
71 32 29 13 9999
72 3 19 13 9999
73 20 18 13 9999
74 8 15 13 9999
75 40 49 13 9999
76 46 23 14 9999
77 18 45 14 9999
78 46 1 14 9999
79 21 5 14 9999
80 29 38 14 9999
81 14 28 14 9999
82 41 0 14 9999
83 43 0 15 9999
84 34 14 15 9999
85 24 14 15 9999
86 37 6 15 9999
87 43 41 15 9999
88 27 15 15 9999
89 9 36 15 9999
90 32 1 16 9999
91 37 28 16 9999
92 25 7 16 9999
93 24 21 16 9999
94 8 45 16 9999
95 29 37 16 9999
96 35 43 16 9999
97 18 28 17 9999
98 43 11 17 9999
99 28 29 17 9999
100 26 4 17 9999
101 43 13 17 9999
102 13 38 17 9999
103 6 40 17 9999
104 4 18 18 9999
105 28 38 18 9999
106 19 17 18 9999
107 17 46 18 9999
108 24 43 18 9999
109 20 33 18 9999
110 40 49 18 9999
111 22 25 19 9999
112 44 40 19 9999
113 5 39 19 9999
114 4 36 19 9999
115 19 32 19 9999
116 42 14 19 9999
117 47 7 19 9999
118 5 4 20 9999
119 48 11 20 9999
120 22 28 20 9999
121 49 43 20 9999
122 46 18 20 9999
123 40 22 20 9999
124 11 10 20 9999
125 5 1 21 9999
126 11 30 21 9999
127 28 5 21 9999
128 20 36 21 9999
129 44 26 21 9999
130 22 15 21 9999
131 8 16 21 9999
132 32 8 22 9999
133 24 37 22 9999
134 12 24 22 9999
135 0 36 22 9999
136 2 49 22 9999
137 29 0 22 9999
138 18 21 22 9999
139 23 31 23 9999
140 31 30 23 9999
141 33 44 23 9999
142 10 13 23 9999
143 49 31 23 9999
144 49 46 23 9999
145 9 23 24 9999
146 13 18 24 9999
147 40 45 24 9999
148 26 16 24 9999
149 34 40 24 9999
150 40 34 24 9999
151 26 42 25 9999
152 36 7 25 9999
153 45 6 25 9999
154 29 18 25 9999
155 37 12 25 9999
156 48 22 25 9999
157 9 36 26 9999
158 10 42 26 9999
159 37 6 26 9999
160 1 13 26 9999
161 22 21 26 9999
162 5 19 26 9999
163 49 21 27 9999
164 4 39 27 9999
165 11 40 27 9999
166 17 5 27 9999
167 28 27 27 9999
168 0 34 28 9999
169 8 20 28 9999
170 24 22 28 9999
171 19 46 28 9999
172 31 30 28 9999
173 34 42 29 9999
174 22 0 29 9999
175 25 35 29 9999
176 22 49 29 9999
177 40 42 30 9999
178 48 13 30 9999
179 48 40 30 9999
180 24 40 30 9999
181 9 31 31 9999
182 19 36 31 9999
183 32 5 31 9999
184 44 4 31 9999
185 29 19 32 9999
186 23 26 32 9999
187 0 5 32 9999
188 10 42 33 9999
189 29 34 33 9999
190 43 5 33 9999
191 21 17 34 9999
192 4 13 34 9999
193 11 4 35 9999
194 26 9 35 9999
195 44 2 36 9999
196 2 6 36 9999
197 34 21 37 9999
198 42 18 38 9999
199 28 39 39 9999
200 22 8 55 9999
201 8 48 56 9999
202 36 8 57 9999
203 3 48 58 9999
204 3 33 58 9999
205 33 48 59 9999
206 40 4 59 9999
207 17 46 60 9999
208 18 29 60 9999
209 0 46 61 9999
210 38 47 61 9999
211 49 40 61 9999
212 3 33 62 9999
213 13 47 62 9999
214 3 42 62 9999
215 36 25 63 9999
216 2 46 63 9999
217 25 38 63 9999
218 7 29 63 9999
219 36 10 64 9999
220 14 21 64 9999
221 10 4 64 9999
222 28 27 64 9999
223 0 48 65 9999
224 6 2 65 9999
225 44 47 65 9999
226 49 43 65 9999
227 39 2 66 9999
228 28 3 66 9999
229 0 31 66 9999
230 47 38 66 9999
231 9 1 66 9999
232 35 34 67 9999
233 39 42 67 9999
234 15 27 67 9999
235 4 29 67 9999
236 49 14 67 9999
237 35 29 68 9999
238 43 35 68 9999
239 27 0 68 9999
240 38 21 68 9999
241 49 39 68 9999
242 17 38 69 9999
243 42 45 69 9999
244 43 44 69 9999
245 29 40 69 9999
246 32 40 69 9999
247 41 19 69 9999
248 26 32 70 9999
249 11 42 70 9999
250 10 17 70 9999
251 23 11 70 9999
252 31 9 70 9999
253 40 25 70 9999
254 46 17 71 9999
255 27 34 71 9999
256 40 26 71 9999
257 24 7 71 9999
258 14 18 71 9999
259 5 8 71 9999
260 12 36 72 9999
261 0 46 72 9999
262 26 44 72 9999
263 16 2 72 9999
264 28 29 72 9999
265 46 40 72 9999
266 47 20 72 9999
267 1 30 73 9999
268 31 43 73 9999
269 7 27 73 9999
270 12 36 73 9999
271 14 5 73 9999
272 12 40 73 9999
273 12 29 73 9999
274 10 19 74 9999
275 39 24 74 9999
276 5 41 74 9999
277 20 33 74 9999
278 37 38 74 9999
279 38 16 74 9999
280 20 34 74 9999
281 6 17 75 9999
282 6 10 75 9999
283 49 37 75 9999
284 5 9 75 9999
285 17 18 75 9999
286 45 33 75 9999
287 23 8 75 9999
288 23 37 76 9999
289 39 33 76 9999
290 7 28 76 9999
291 7 14 76 9999
292 21 29 76 9999
293 0 9 76 9999
294 18 38 76 9999
295 25 38 77 9999
296 24 33 77 9999
297 7 31 77 9999
298 43 8 77 9999
299 20 49 77 9999
300 17 39 77 9999
301 19 13 77 9999
302 22 44 78 9999
303 23 47 78 9999
304 31 12 78 9999
305 32 40 78 9999
306 42 41 78 9999
307 7 15 78 9999
308 21 7 78 9999
309 24 41 79 9999
310 47 1 79 9999
311 31 21 79 9999
312 37 40 79 9999
313 4 30 79 9999
314 48 25 79 9999
315 31 16 79 9999
316 16 2 80 9999
317 31 39 80 9999
318 46 4 80 9999
319 38 30 80 9999
320 18 21 80 9999
321 20 12 80 9999
322 12 29 80 9999
323 27 35 81 9999
324 36 4 81 9999
325 26 33 81 9999
326 7 9 81 9999
327 7 44 81 9999
328 49 11 81 9999
329 27 0 81 9999
330 36 10 82 9999
331 18 5 82 9999
332 13 49 82 9999
333 44 11 82 9999
334 5 34 82 9999
335 41 25 82 9999
336 5 14 82 9999
337 39 18 83 9999
338 43 18 83 9999
339 5 32 83 9999
340 22 32 83 9999
341 17 30 83 9999
342 43 24 83 9999
343 26 43 83 9999
344 36 3 84 9999
345 43 24 84 9999
346 14 13 84 9999
347 29 27 84 9999
348 12 25 84 9999
349 38 19 84 9999
350 10 32 84 9999
351 44 17 85 9999
352 46 35 85 9999
353 37 41 85 9999
354 3 43 85 9999
355 23 28 85 9999
356 25 41 85 9999
357 10 18 85 9999
358 17 36 86 9999
359 13 5 86 9999
360 40 8 86 9999
361 30 4 86 9999
362 21 11 86 9999
363 33 35 86 9999
364 39 23 87 9999
365 4 1 87 9999
366 5 0 87 9999
367 18 3 87 9999
368 35 6 87 9999
369 45 39 87 9999
370 49 20 88 9999
371 17 26 88 9999
372 13 27 88 9999
373 46 31 88 9999
374 15 10 88 9999
375 36 5 88 9999
376 20 18 89 9999
377 11 42 89 9999
378 32 46 89 9999
379 29 21 89 9999
380 20 34 89 9999
381 22 27 89 9999
382 34 40 90 9999
383 33 22 90 9999
384 48 30 90 9999
385 13 47 90 9999
386 0 30 90 9999
387 23 14 91 9999
388 9 22 91 9999
389 47 24 91 9999
390 32 35 91 9999
391 32 4 91 9999
392 4 43 92 9999
393 48 36 92 9999
394 40 28 92 9999
395 9 12 92 9999
396 12 33 93 9999
397 41 48 93 9999
398 23 24 93 9999
399 22 4 93 9999
400 35 21 94 9999
401 7 15 94 9999
402 47 21 94 9999
403 26 19 94 9999
404 18 1 95 9999
405 3 33 95 9999
406 7 9 95 9999
407 28 6 96 9999
408 47 20 96 9999
409 34 8 96 9999
410 34 48 97 9999
411 41 26 97 9999
412 48 15 98 9999
413 2 21 98 9999
414 39 9 99 9999
415 6 10 99 9999
416 16 24 100 9999
417 9 39 101 9999
418 0 28 102 9999
419 9 3 118 9999
420 31 14 119 9999
421 38 39 120 9999
422 26 17 121 9999
423 47 23 121 9999
424 37 31 122 9999
425 32 22 122 9999
426 31 25 123 9999
427 0 29 123 9999
428 40 4 124 9999
429 0 31 124 9999
430 13 7 124 9999
431 44 31 125 9999
432 31 3 125 9999
433 20 33 125 9999
434 32 31 126 9999
435 37 15 126 9999
436 46 25 126 9999
437 4 22 126 9999
438 42 1 127 9999
439 47 32 127 9999
440 34 31 127 9999
441 6 15 127 9999
442 7 8 128 9999
443 45 49 128 9999
444 12 47 128 9999
445 33 26 128 9999
446 4 27 129 9999
447 9 37 129 9999
448 32 21 129 9999
449 16 13 129 9999
450 10 32 129 9999
451 11 35 130 9999
452 36 35 130 9999
453 30 40 130 9999
454 33 14 130 9999
455 26 16 130 9999
456 20 42 131 9999
457 25 28 131 9999
458 39 25 131 9999
459 40 36 131 9999
460 10 18 131 9999
461 43 37 131 9999
462 28 32 132 9999
463 21 10 132 9999
464 5 38 132 9999
465 25 15 132 9999
466 20 37 132 9999
467 3 8 132 9999
468 22 33 133 9999
469 0 7 133 9999
470 47 27 133 9999
471 26 19 133 9999
472 21 1 133 9999
473 49 10 133 9999
474 28 39 134 9999
475 48 38 134 9999
476 10 43 134 9999
477 27 40 134 9999
478 26 49 134 9999
479 2 31 134 9999
480 37 27 135 9999
481 49 7 135 9999
482 16 2 135 9999
483 17 41 135 9999
484 35 18 135 9999
485 48 34 135 9999
486 45 26 135 9999
487 5 16 136 9999
488 28 4 136 9999
489 28 8 136 9999
490 43 28 136 9999
491 47 5 136 9999
492 22 24 136 9999
493 45 0 136 9999
494 25 47 137 9999
495 33 12 137 9999
496 27 32 137 9999
497 21 43 137 9999
498 34 39 137 9999
499 34 21 137 9999
500 9 35 137 9999
501 7 4 138 9999
502 11 12 138 9999
503 22 41 138 9999
504 16 2 138 9999
505 0 12 138 9999
506 32 49 138 9999
507 17 4 138 9999
508 23 15 139 9999
509 6 1 139 9999
510 14 40 139 9999
511 13 41 139 9999
512 22 37 139 9999
513 37 9 139 9999
514 28 21 139 9999
515 30 37 140 9999
516 6 40 140 9999
517 41 20 140 9999
518 2 15 140 9999
519 11 19 140 9999
520 17 11 140 9999
521 33 1 140 9999
522 12 0 141 9999
523 6 38 141 9999
524 17 14 141 9999
525 39 32 141 9999
526 4 25 141 9999
527 29 41 141 9999
528 12 38 141 9999
529 19 36 142 9999
530 20 6 142 9999
531 44 10 142 9999
532 49 14 142 9999
533 15 14 142 9999
534 26 36 142 9999
535 33 39 142 9999
536 19 35 143 9999
537 2 21 143 9999
538 43 40 143 9999
539 39 9 143 9999
540 31 23 143 9999
541 14 35 143 9999
542 48 45 143 9999
543 27 13 144 9999
544 33 48 144 9999
545 49 5 144 9999
546 5 43 144 9999
547 18 6 144 9999
548 10 33 144 9999
549 23 36 144 9999
550 21 8 145 9999
551 27 40 145 9999
552 45 31 145 9999
553 11 40 145 9999
554 23 0 145 9999
555 0 4 145 9999
556 25 14 145 9999
557 42 24 146 9999
558 9 19 146 9999
559 39 44 146 9999
560 19 38 146 9999
561 1 26 146 9999
562 33 19 146 9999
563 33 43 146 9999
564 4 6 147 9999
565 31 25 147 9999
566 16 11 147 9999
567 17 12 147 9999
568 42 29 147 9999
569 2 18 147 9999
570 31 2 147 9999
571 24 7 148 9999
572 18 16 148 9999
573 33 27 148 9999
574 37 22 148 9999
575 23 7 148 9999
576 12 25 148 9999
577 33 47 148 9999
578 46 18 149 9999
579 41 3 149 9999
580 26 24 149 9999
581 30 43 149 9999
582 35 48 149 9999
583 5 30 149 9999
584 29 9 150 9999
585 48 10 150 9999
586 12 24 150 9999
587 19 30 150 9999
588 41 2 150 9999
589 10 30 150 9999
590 26 33 151 9999
591 39 40 151 9999
592 8 23 151 9999
593 38 7 151 9999
594 43 31 151 9999
595 10 20 151 9999
596 5 40 152 9999
597 13 41 152 9999
598 38 20 152 9999
599 21 17 152 9999
600 29 21 152 9999
601 30 43 153 9999
602 45 49 153 9999
603 24 38 153 9999
604 4 36 153 9999
605 19 32 153 9999
606 19 10 154 9999
607 23 30 154 9999
608 33 13 154 9999
609 37 29 154 9999
610 44 49 154 9999
611 49 1 155 9999
612 39 14 155 9999
613 42 30 155 9999
614 36 15 155 9999
615 49 15 156 9999
616 36 31 156 9999
617 11 34 156 9999
618 33 37 156 9999
619 22 37 157 9999
620 23 43 157 9999
621 19 42 157 9999
622 4 44 157 9999
623 24 39 158 9999
624 9 13 158 9999
625 18 3 158 9999
626 12 19 159 9999
627 5 4 159 9999
628 33 49 159 9999
629 34 19 160 9999
630 15 35 160 9999
631 37 3 161 9999
632 19 0 161 9999
633 37 2 162 9999
634 37 12 162 9999
635 39 10 163 9999
636 5 10 164 9999
637 4 11 165 9999
638 7 29 181 9999
639 3 16 182 9999
640 42 21 183 9999
641 22 5 184 9999
642 43 29 184 9999
643 11 28 185 9999
644 28 47 185 9999
645 0 45 186 9999
646 32 37 186 9999
647 49 1 186 9999
648 39 36 187 9999
649 3 26 187 9999
650 48 44 187 9999
651 36 6 188 9999
652 7 42 188 9999
653 17 14 188 9999
654 21 20 189 9999
655 30 16 189 9999
656 44 4 189 9999
657 23 37 189 9999
658 33 34 190 9999
659 17 12 190 9999
660 31 17 190 9999
661 9 15 190 9999
662 6 8 191 9999
663 19 45 191 9999
664 45 22 191 9999
665 21 45 191 9999
666 19 9 192 9999
667 1 26 192 9999
668 2 21 192 9999
669 40 25 192 9999
670 43 22 192 9999
671 41 39 193 9999
672 27 16 193 9999
673 28 12 193 9999
674 0 46 193 9999
675 24 33 193 9999
676 13 36 194 9999
677 49 20 194 9999
678 44 18 194 9999
679 15 41 194 9999
680 42 39 194 9999
681 37 13 194 9999
682 48 40 195 9999
683 39 2 195 9999
684 13 31 195 9999
685 28 7 195 9999
686 4 21 195 9999
687 46 33 195 9999
688 38 25 196 9999
689 45 40 196 9999
690 21 22 196 9999
691 26 34 196 9999
692 8 25 196 9999
693 6 2 196 9999
694 45 22 197 9999
695 46 39 197 9999
696 11 33 197 9999
697 3 11 197 9999
698 25 42 197 9999
699 16 39 197 9999
700 24 44 197 9999
701 46 30 198 9999
702 17 44 198 9999
703 13 7 198 9999
704 19 10 198 9999
705 0 42 198 9999
706 32 26 198 9999
707 29 40 198 9999
708 3 35 199 9999
709 45 48 199 9999
710 7 41 199 9999
711 37 20 199 9999
712 26 40 199 9999
713 34 1 199 9999
714 33 0 199 9999
715 42 9 200 9999
716 46 40 200 9999
717 39 13 200 9999
718 35 4 200 9999
719 23 6 200 9999
720 14 23 200 9999
721 1 49 200 9999
722 1 30 201 9999
723 39 4 201 9999
724 15 36 201 9999
725 2 25 201 9999
726 29 41 201 9999
727 47 7 201 9999
728 34 31 201 9999
729 11 19 202 9999
730 31 3 202 9999
731 28 27 202 9999
732 44 19 202 9999
733 43 31 202 9999
734 23 18 202 9999
735 37 39 202 9999
736 43 38 203 9999
737 38 44 203 9999
738 20 30 203 9999
739 48 36 203 9999
740 18 2 203 9999
741 13 48 203 9999
742 45 10 203 9999
743 5 29 204 9999
744 42 16 204 9999
745 48 25 204 9999
746 22 28 204 9999
747 3 16 204 9999
748 47 48 204 9999
749 47 22 204 9999
750 16 36 205 9999
751 12 9 205 9999
752 27 0 205 9999
753 3 47 205 9999
754 32 3 205 9999
755 35 1 205 9999
756 7 48 205 9999
757 49 4 206 9999
758 11 6 206 9999
759 34 3 206 9999
760 25 34 206 9999
761 28 47 206 9999
762 13 33 206 9999
763 15 10 206 9999
764 31 14 207 9999
765 35 47 207 9999
766 0 47 207 9999
767 8 29 207 9999
768 49 13 207 9999
769 29 34 207 9999
770 16 14 207 9999
771 35 25 208 9999
772 15 36 208 9999
773 30 26 208 9999
774 42 16 208 9999
775 29 19 208 9999
776 2 9 208 9999
777 16 15 208 9999
778 45 33 209 9999
779 28 26 209 9999
780 47 13 209 9999
781 26 0 209 9999
782 12 36 209 9999
783 29 13 209 9999
784 0 8 209 9999
785 47 16 210 9999
786 25 32 210 9999
787 44 40 210 9999
788 20 26 210 9999
789 18 15 210 9999
790 44 49 210 9999
791 34 46 210 9999
792 8 3 211 9999
793 12 3 211 9999
794 36 42 211 9999
795 32 34 211 9999
796 7 10 211 9999
797 34 19 211 9999
798 46 15 211 9999
799 34 46 212 9999
800 24 32 212 9999
801 15 1 212 9999
802 16 11 212 9999
803 43 37 212 9999
804 37 11 212 9999
805 2 31 213 9999
806 10 38 213 9999
807 29 20 213 9999
808 41 43 213 9999
809 24 28 213 9999
810 35 8 213 9999
811 12 42 214 9999
812 20 46 214 9999
813 13 16 214 9999
814 11 0 214 9999
815 15 37 214 9999
816 34 32 214 9999
817 40 0 215 9999
818 43 33 215 9999
819 39 30 215 9999
820 44 43 215 9999
821 13 4 215 9999
822 32 44 216 9999
823 25 23 216 9999
824 38 1 216 9999
825 1 23 216 9999
826 11 15 216 9999
827 18 31 217 9999
828 13 33 217 9999
829 49 27 217 9999
830 35 14 217 9999
831 14 19 217 9999
832 46 7 218 9999
833 22 41 218 9999
834 40 11 218 9999
835 23 37 218 9999
836 7 36 219 9999
837 43 39 219 9999
838 31 20 219 9999
839 14 21 219 9999
840 21 18 220 9999
841 46 34 220 9999
842 33 14 220 9999
843 17 47 221 9999
844 0 17 221 9999
845 24 35 221 9999
846 33 40 222 9999
847 7 32 222 9999
848 49 29 222 9999
849 23 40 223 9999
850 42 47 223 9999
851 29 49 224 9999
852 35 22 224 9999
853 40 18 225 9999
854 43 5 225 9999
855 39 16 226 9999
856 25 36 227 9999
857 3 10 228 9999
858 2 20 243 9999
859 7 4 244 9999
860 37 33 245 9999
861 40 21 246 9999
862 26 47 247 9999
863 5 27 247 9999
864 28 19 248 9999
865 20 27 248 9999
866 48 20 249 9999
867 13 21 249 9999
868 10 33 249 9999
869 16 17 250 9999
870 23 32 250 9999
871 42 11 250 9999
872 35 3 251 9999
873 13 8 251 9999
874 12 18 251 9999
875 45 48 252 9999
876 10 18 252 9999
877 26 9 252 9999
878 23 3 252 9999
879 37 4 253 9999
880 23 7 253 9999
881 31 23 253 9999
882 29 46 253 9999
883 44 42 254 9999
884 30 12 254 9999
885 9 5 254 9999
886 47 4 254 9999
887 16 34 254 9999
888 9 31 255 9999
889 42 23 255 9999
890 1 38 255 9999
891 21 13 255 9999
892 8 49 255 9999
893 22 34 256 9999
894 5 11 256 9999
895 40 30 256 9999
896 21 23 256 9999
897 3 0 256 9999
898 20 0 257 9999
899 42 2 257 9999
900 12 4 257 9999
901 7 9 257 9999
902 8 25 257 9999
903 44 17 257 9999
904 8 36 258 9999
905 40 10 258 9999
906 26 14 258 9999
907 23 37 258 9999
908 15 48 258 9999
909 21 20 258 9999
910 9 13 259 9999
911 0 32 259 9999
912 36 4 259 9999
913 33 8 259 9999
914 6 27 259 9999
915 10 18 259 9999
916 31 19 260 9999
917 28 41 260 9999
918 46 24 260 9999
919 8 5 260 9999
920 10 1 260 9999
921 15 39 260 9999
922 17 40 260 9999
923 26 32 261 9999
924 38 49 261 9999
925 5 0 261 9999
926 12 7 261 9999
927 32 48 261 9999
928 11 17 261 9999
929 7 19 261 9999
930 47 19 262 9999
931 38 28 262 9999
932 39 18 262 9999
933 20 35 262 9999
934 42 30 262 9999
935 42 4 262 9999
936 33 7 262 9999
937 43 0 263 9999
938 0 21 263 9999
939 35 38 263 9999
940 20 40 263 9999
941 40 34 263 9999
942 47 25 263 9999
943 33 11 263 9999
944 44 42 264 9999
945 30 41 264 9999
946 13 20 264 9999
947 20 4 264 9999
948 38 42 264 9999
949 42 30 264 9999
950 22 34 264 9999
951 35 8 265 9999
952 44 30 265 9999
953 8 44 265 9999
954 2 45 265 9999
955 34 22 265 9999
956 37 25 265 9999
957 7 35 265 9999
958 2 42 266 9999
959 48 46 266 9999
960 36 30 266 9999
961 40 49 266 9999
962 1 12 266 9999
963 6 39 266 9999
964 4 48 266 9999
965 22 28 267 9999
966 32 7 267 9999
967 38 26 267 9999
968 37 47 267 9999
969 20 39 267 9999
970 44 5 267 9999
971 14 32 267 9999
972 32 23 268 9999
973 19 36 268 9999
974 15 17 268 9999
975 34 3 268 9999
976 49 24 268 9999
977 4 0 268 9999
978 36 10 268 9999
979 42 8 269 9999
980 14 23 269 9999
981 41 21 269 9999
982 11 19 269 9999
983 10 40 269 9999
984 2 5 269 9999
985 47 16 269 9999
986 39 31 270 9999
987 39 8 270 9999
988 17 6 270 9999
989 25 1 270 9999
990 11 24 270 9999
991 28 15 270 9999
992 27 16 270 9999
993 26 19 271 9999
994 11 34 271 9999
995 33 36 271 9999
996 27 6 271 9999
997 49 47 271 9999
998 16 10 271 9999
999 39 20 271 9999
1000 17 36 272 9999
1001 36 8 272 9999
1002 17 27 272 9999
1003 16 36 272 9999
1004 35 43 272 9999
1005 37 46 272 9999
1006 19 17 272 9999
1007 12 46 273 9999
1008 34 40 273 9999
1009 17 45 273 9999
1010 24 0 273 9999
1011 31 2 273 9999
1012 8 30 273 9999
1013 1 25 273 9999
1014 42 40 274 9999
1015 47 11 274 9999
1016 26 34 274 9999
1017 19 45 274 9999
1018 13 35 274 9999
1019 31 1 274 9999
1020 30 20 274 9999
1021 47 0 275 9999
1022 38 11 275 9999
1023 46 24 275 9999
1024 1 14 275 9999
1025 19 28 275 9999
1026 16 2 275 9999
1027 32 25 276 9999
1028 32 33 276 9999
1029 2 27 276 9999
1030 23 49 276 9999
1031 40 1 276 9999
1032 35 10 276 9999
1033 46 49 277 9999
1034 47 29 277 9999
1035 2 28 277 9999
1036 49 28 277 9999
1037 39 13 277 9999
1038 26 13 277 9999
1039 16 40 278 9999
1040 34 44 278 9999
1041 9 36 278 9999
1042 26 34 278 9999
1043 21 9 278 9999
1044 38 0 279 9999
1045 34 39 279 9999
1046 40 35 279 9999
1047 25 0 279 9999
1048 31 26 279 9999
1049 0 12 280 9999
1050 28 14 280 9999
1051 29 8 280 9999
1052 3 44 280 9999
1053 34 19 280 9999
1054 11 27 281 9999
1055 5 7 281 9999
1056 36 42 281 9999
1057 34 22 281 9999
1058 15 45 282 9999
1059 10 15 282 9999
1060 32 49 282 9999
1061 7 17 282 9999
1062 26 8 283 9999
1063 1 2 283 9999
1064 10 13 283 9999
1065 32 38 284 9999
1066 27 14 284 9999
1067 46 33 284 9999
1068 8 30 285 9999
1069 4 19 285 9999
1070 7 9 285 9999
1071 27 45 286 9999
1072 1 13 286 9999
1073 17 18 287 9999
1074 10 29 287 9999
1075 35 42 288 9999
1076 31 43 289 9999
1077 12 7 290 9999
1078 3 13 291 9999
1079 12 13 306 9999
1080 28 46 307 9999
1081 1 6 308 9999
1082 10 49 309 9999
1083 41 19 309 9999
1084 31 45 310 9999
1085 40 39 310 9999
1086 4 19 311 9999
1087 36 8 311 9999
1088 32 4 312 9999
1089 26 45 312 9999
1090 33 14 312 9999
1091 37 14 313 9999
1092 7 1 313 9999
1093 24 10 313 9999
1094 14 38 314 9999
1095 23 43 314 9999
1096 34 26 314 9999
1097 1 45 315 9999
1098 25 44 315 9999
1099 16 6 315 9999
1100 39 6 315 9999
1101 47 45 316 9999
1102 26 34 316 9999
1103 3 10 316 9999
1104 40 32 316 9999
1105 5 23 317 9999
1106 48 45 317 9999
1107 40 5 317 9999
1108 46 16 317 9999
1109 17 13 317 9999
1110 4 40 318 9999
1111 8 40 318 9999
1112 18 11 318 9999
1113 35 43 318 9999
1114 5 1 318 9999
1115 1 44 319 9999
1116 10 1 319 9999
1117 41 38 319 9999
1118 35 47 319 9999
1119 48 25 319 9999
1120 31 6 320 9999
1121 0 29 320 9999
1122 1 42 320 9999
1123 34 49 320 9999
1124 10 1 320 9999
1125 14 43 320 9999
1126 22 5 321 9999
1127 11 33 321 9999
1128 42 6 321 9999
1129 40 46 321 9999
1130 9 36 321 9999
1131 8 10 321 9999
1132 28 46 322 9999
1133 47 25 322 9999
1134 44 24 322 9999
1135 6 0 322 9999
1136 25 35 322 9999
1137 3 19 322 9999
1138 21 5 323 9999
1139 30 24 323 9999
1140 19 46 323 9999
1141 17 44 323 9999
1142 3 30 323 9999
1143 29 46 323 9999
1144 36 20 323 9999
1145 44 45 324 9999
1146 8 2 324 9999
1147 8 36 324 9999
1148 48 5 324 9999
1149 13 44 324 9999
1150 30 21 324 9999
1151 47 7 324 9999
1152 8 0 325 9999
1153 28 29 325 9999
1154 7 8 325 9999
1155 3 29 325 9999
1156 7 22 325 9999
1157 25 10 325 9999
1158 2 4 325 9999
1159 8 40 326 9999
1160 26 2 326 9999
1161 36 35 326 9999
1162 6 46 326 9999
1163 23 4 326 9999
1164 1 37 326 9999
1165 1 33 326 9999
1166 10 48 327 9999
1167 42 19 327 9999
1168 0 21 327 9999
1169 0 8 327 9999
1170 31 6 327 9999
1171 37 38 327 9999
1172 28 12 327 9999
1173 1 33 328 9999
1174 18 9 328 9999
1175 23 45 328 9999
1176 14 11 328 9999
1177 32 22 328 9999
1178 7 29 328 9999
1179 11 44 328 9999
1180 30 44 329 9999
1181 7 28 329 9999
1182 37 26 329 9999
1183 28 10 329 9999
1184 28 36 329 9999
1185 41 34 329 9999
1186 25 32 329 9999
1187 15 39 330 9999
1188 33 48 330 9999
1189 8 44 330 9999
1190 23 5 330 9999
1191 10 35 330 9999
1192 39 33 330 9999
1193 44 46 330 9999
1194 12 5 331 9999
1195 43 42 331 9999
1196 0 20 331 9999
1197 39 28 331 9999
1198 0 49 331 9999
1199 6 37 331 9999
1200 42 41 331 9999
1201 14 24 332 9999
1202 8 4 332 9999
1203 9 8 332 9999
1204 14 4 332 9999
1205 31 19 332 9999
1206 16 18 332 9999
1207 10 49 332 9999
1208 13 6 333 9999
1209 13 18 333 9999
1210 49 5 333 9999
1211 20 1 333 9999
1212 27 11 333 9999
1213 29 28 333 9999
1214 12 36 333 9999
1215 17 5 334 9999
1216 29 33 334 9999
1217 29 39 334 9999
1218 37 39 334 9999
1219 47 3 334 9999
1220 45 30 334 9999
1221 24 11 334 9999
1222 49 34 335 9999
1223 11 14 335 9999
1224 43 26 335 9999
1225 34 42 335 9999
1226 32 7 335 9999
1227 46 11 335 9999
1228 18 25 335 9999
1229 41 31 336 9999
1230 13 10 336 9999
1231 36 44 336 9999
1232 44 17 336 9999
1233 35 33 336 9999
1234 8 32 336 9999
1235 37 3 336 9999
1236 15 13 337 9999
1237 17 14 337 9999
1238 48 30 337 9999
1239 30 41 337 9999
1240 6 14 337 9999
1241 35 38 337 9999
1242 23 31 337 9999
1243 2 42 338 9999
1244 9 45 338 9999
1245 25 24 338 9999
1246 6 13 338 9999
1247 21 2 338 9999
1248 30 6 338 9999
1249 35 41 339 9999
1250 39 24 339 9999
1251 44 6 339 9999
1252 38 11 339 9999
1253 20 38 339 9999
1254 41 2 339 9999
1255 29 48 340 9999
1256 18 16 340 9999
1257 38 42 340 9999
1258 0 42 340 9999
1259 34 9 340 9999
1260 38 11 340 9999
1261 35 46 341 9999
1262 24 6 341 9999
1263 48 6 341 9999
1264 13 35 341 9999
1265 47 4 341 9999
1266 12 44 342 9999
1267 10 2 342 9999
1268 7 32 342 9999
1269 40 1 342 9999
1270 36 21 342 9999
1271 49 4 343 9999
1272 39 46 343 9999
1273 39 34 343 9999
1274 32 0 343 9999
1275 22 43 343 9999
1276 36 18 344 9999
1277 19 42 344 9999
1278 18 26 344 9999
1279 7 3 344 9999
1280 25 13 345 9999
1281 15 19 345 9999
1282 25 19 345 9999
1283 27 9 345 9999
1284 9 30 346 9999
1285 45 32 346 9999
1286 31 0 346 9999
1287 22 20 347 9999
1288 46 13 347 9999
1289 6 29 347 9999
1290 14 28 348 9999
1291 24 0 348 9999
1292 48 44 348 9999
1293 44 18 349 9999
1294 22 4 349 9999
1295 22 47 350 9999
1296 17 39 350 9999
1297 19 43 351 9999
1298 9 48 352 9999
1299 4 20 353 9999
1300 28 0 354 9999
1301 5 9 369 9999
1302 0 29 370 9999
1303 31 48 371 9999
1304 42 38 372 9999
1305 27 6 372 9999
1306 18 4 373 9999
1307 8 19 373 9999
1308 48 3 374 9999
1309 37 20 374 9999
1310 7 11 375 9999
1311 19 26 375 9999
1312 3 40 375 9999
1313 21 14 376 9999
1314 38 26 376 9999
1315 36 16 376 9999
1316 26 41 377 9999
1317 27 28 377 9999
1318 22 9 377 9999
1319 26 15 377 9999
1320 49 4 378 9999
1321 23 17 378 9999
1322 8 32 378 9999
1323 38 8 378 9999
1324 37 26 379 9999
1325 30 44 379 9999
1326 39 1 379 9999
1327 22 42 379 9999
1328 42 44 380 9999
1329 6 30 380 9999
1330 22 43 380 9999
1331 49 48 380 9999
1332 36 28 380 9999
1333 26 9 381 9999
1334 37 2 381 9999
1335 26 38 381 9999
1336 8 49 381 9999
1337 8 18 381 9999
1338 31 46 382 9999
1339 28 20 382 9999
1340 24 8 382 9999
1341 14 12 382 9999
1342 39 6 382 9999
1343 4 35 383 9999
1344 15 34 383 9999
1345 7 10 383 9999
1346 35 7 383 9999
1347 46 14 383 9999
1348 33 5 383 9999
1349 3 37 384 9999
1350 33 42 384 9999
1351 48 33 384 9999
1352 0 18 384 9999
1353 16 46 384 9999
1354 49 37 384 9999
1355 21 9 385 9999
1356 3 37 385 9999
1357 21 42 385 9999
1358 43 25 385 9999
1359 27 10 385 9999
1360 12 36 385 9999
1361 20 47 386 9999
1362 43 17 386 9999
1363 11 28 386 9999
1364 24 17 386 9999
1365 16 8 386 9999
1366 9 16 386 9999
1367 43 9 386 9999
1368 36 9 387 9999
1369 7 35 387 9999
1370 46 30 387 9999
1371 45 2 387 9999
1372 17 16 387 9999
1373 46 13 387 9999
1374 42 24 387 9999
1375 23 6 388 9999
1376 10 44 388 9999
1377 3 6 388 9999
1378 13 17 388 9999
1379 34 39 388 9999
1380 34 2 388 9999
1381 49 43 388 9999
1382 18 42 389 9999
1383 4 5 389 9999
1384 4 13 389 9999
1385 42 2 389 9999
1386 44 37 389 9999
1387 4 11 389 9999
1388 6 1 389 9999
1389 26 48 390 9999
1390 27 0 390 9999
1391 4 39 390 9999
1392 46 9 390 9999
1393 45 11 390 9999
1394 26 30 390 9999
1395 2 12 390 9999
1396 32 2 391 9999
1397 7 3 391 9999
1398 46 11 391 9999
1399 10 0 391 9999
1400 27 2 391 9999
1401 3 21 391 9999
1402 40 7 391 9999
1403 34 48 392 9999
1404 10 11 392 9999
1405 48 37 392 9999
1406 13 4 392 9999
1407 27 11 392 9999
1408 13 24 392 9999
1409 24 42 392 9999
1410 4 26 393 9999
1411 4 39 393 9999
1412 28 14 393 9999
1413 42 25 393 9999
1414 27 2 393 9999
1415 27 4 393 9999
1416 4 30 393 9999
1417 25 46 394 9999
1418 40 10 394 9999
1419 44 0 394 9999
1420 23 42 394 9999
1421 40 38 394 9999
1422 46 19 394 9999
1423 49 12 394 9999
1424 43 25 395 9999
1425 4 48 395 9999
1426 1 10 395 9999
1427 37 32 395 9999
1428 24 29 395 9999
1429 9 2 395 9999
1430 33 36 395 9999
1431 6 37 396 9999
1432 17 34 396 9999
1433 36 9 396 9999
1434 46 30 396 9999
1435 9 19 396 9999
1436 25 1 396 9999
1437 7 23 396 9999
1438 20 8 397 9999
1439 35 14 397 9999
1440 33 39 397 9999
1441 14 36 397 9999
1442 2 3 397 9999
1443 18 26 397 9999
1444 32 27 397 9999
1445 30 17 398 9999
1446 16 37 398 9999
1447 4 33 398 9999
1448 21 42 398 9999
1449 44 17 398 9999
1450 25 5 398 9999
1451 38 0 398 9999
1452 7 47 399 9999
1453 23 27 399 9999
1454 7 9 399 9999
1455 43 42 399 9999
1456 0 7 399 9999
1457 28 2 399 9999
1458 10 47 399 9999
1459 31 44 400 9999
1460 26 11 400 9999
1461 11 42 400 9999
1462 48 18 400 9999
1463 27 21 400 9999
1464 10 21 400 9999
1465 40 37 401 9999
1466 29 30 401 9999
1467 37 36 401 9999
1468 29 13 401 9999
1469 13 36 401 9999
1470 24 9 401 9999
1471 28 24 402 9999
1472 16 9 402 9999
1473 29 27 402 9999
1474 8 10 402 9999
1475 21 34 402 9999
1476 23 35 402 9999
1477 29 24 403 9999
1478 3 8 403 9999
1479 45 15 403 9999
1480 32 38 403 9999
1481 3 11 403 9999
1482 18 42 403 9999
1483 47 0 404 9999
1484 5 12 404 9999
1485 36 31 404 9999
1486 21 17 404 9999
1487 8 38 404 9999
1488 26 37 405 9999
1489 17 34 405 9999
1490 49 40 405 9999
1491 20 22 405 9999
1492 27 1 405 9999
1493 46 32 406 9999
1494 10 44 406 9999
1495 48 42 406 9999
1496 32 3 406 9999
1497 3 2 407 9999
1498 47 2 407 9999
1499 4 5 407 9999
1500 14 41 407 9999
1501 36 38 408 9999
1502 10 44 408 9999
1503 28 38 408 9999
1504 33 45 408 9999
1505 22 34 409 9999
1506 37 44 409 9999
1507 7 15 409 9999
1508 46 5 410 9999
1509 47 6 410 9999
1510 49 47 410 9999
1511 0 33 411 9999
1512 2 3 411 9999
1513 38 0 412 9999
1514 5 42 412 9999
1515 5 21 413 9999
1516 35 41 413 9999
1517 11 45 414 9999
1518 38 39 415 9999
1519 33 23 416 9999
1520 36 7 432 9999
1521 8 26 433 9999
1522 2 15 434 9999
1523 41 0 435 9999
1524 20 40 435 9999
1525 8 22 436 9999
1526 38 8 436 9999
1527 7 40 437 9999
1528 11 45 437 9999
1529 40 18 438 9999
1530 40 47 438 9999
1531 41 25 438 9999
1532 41 3 439 9999
1533 23 29 439 9999
1534 44 8 439 9999
1535 2 33 440 9999
1536 16 10 440 9999
1537 9 20 440 9999
1538 27 0 440 9999
1539 22 0 441 9999
1540 40 30 441 9999
1541 24 30 441 9999
1542 38 31 441 9999
1543 21 49 442 9999
1544 29 13 442 9999
1545 19 11 442 9999
1546 12 46 442 9999
1547 4 17 443 9999
1548 19 33 443 9999
1549 12 28 443 9999
1550 37 45 443 9999
1551 46 0 443 9999
1552 4 16 444 9999
1553 29 6 444 9999
1554 38 29 444 9999
1555 46 18 444 9999
1556 5 29 444 9999
1557 8 37 445 9999
1558 0 7 445 9999
1559 18 15 445 9999
1560 28 37 445 9999
1561 28 40 445 9999
1562 35 32 446 9999
1563 8 5 446 9999
1564 17 22 446 9999
1565 35 7 446 9999
1566 19 31 446 9999
1567 7 23 446 9999
1568 49 36 447 9999
1569 29 39 447 9999
1570 18 27 447 9999
1571 7 23 447 9999
1572 6 15 447 9999
1573 12 8 447 9999
1574 24 30 448 9999
1575 26 4 448 9999
1576 19 6 448 9999
1577 46 5 448 9999
1578 39 6 448 9999
1579 12 8 448 9999
1580 28 47 449 9999
1581 15 47 449 9999
1582 30 22 449 9999
1583 22 29 449 9999
1584 11 3 449 9999
1585 18 31 449 9999
1586 33 27 449 9999
1587 6 41 450 9999
1588 44 19 450 9999
1589 2 20 450 9999
1590 1 28 450 9999
1591 26 23 450 9999
1592 34 22 450 9999
1593 30 25 450 9999
1594 29 44 451 9999
1595 34 9 451 9999
1596 41 49 451 9999
1597 9 23 451 9999
1598 24 31 451 9999
1599 2 35 451 9999
1600 37 22 451 9999
1601 16 20 452 9999
1602 1 24 452 9999
1603 11 45 452 9999
1604 43 15 452 9999
1605 17 47 452 9999
1606 43 22 452 9999
1607 30 17 452 9999
1608 4 7 453 9999
1609 46 48 453 9999
1610 41 8 453 9999
1611 39 43 453 9999
1612 17 12 453 9999
1613 17 0 453 9999
1614 16 4 453 9999
1615 37 40 454 9999
1616 22 9 454 9999
1617 41 46 454 9999
1618 23 38 454 9999
1619 42 38 454 9999
1620 5 39 454 9999
1621 32 0 454 9999
1622 13 14 455 9999
1623 17 21 455 9999
1624 16 15 455 9999
1625 15 24 455 9999
1626 6 8 455 9999
1627 41 20 455 9999
1628 25 41 455 9999
1629 38 29 456 9999
1630 31 28 456 9999
1631 1 40 456 9999
1632 19 47 456 9999
1633 13 9 456 9999
1634 41 2 456 9999
1635 16 32 456 9999
1636 36 16 457 9999
1637 45 0 457 9999
1638 35 14 457 9999
1639 23 1 457 9999
1640 29 38 457 9999
1641 27 37 457 9999
1642 46 18 457 9999
1643 7 23 458 9999
1644 12 45 458 9999
1645 4 43 458 9999
1646 25 7 458 9999
1647 35 46 458 9999
1648 5 49 458 9999
1649 5 48 458 9999
1650 3 23 459 9999
1651 31 39 459 9999
1652 39 26 459 9999
1653 41 27 459 9999
1654 41 14 459 9999
1655 30 22 459 9999
1656 5 8 459 9999
1657 10 1 460 9999
1658 26 19 460 9999
1659 27 40 460 9999
1660 15 31 460 9999
1661 33 42 460 9999
1662 39 19 460 9999
1663 39 46 460 9999
1664 20 46 461 9999
1665 44 23 461 9999
1666 20 25 461 9999
1667 14 11 461 9999
1668 4 5 461 9999
1669 38 45 461 9999
1670 21 19 461 9999
1671 19 26 462 9999
1672 27 29 462 9999
1673 30 5 462 9999
1674 49 7 462 9999
1675 46 16 462 9999
1676 38 31 462 9999
1677 8 29 462 9999
1678 2 49 463 9999
1679 25 24 463 9999
1680 46 22 463 9999
1681 47 16 463 9999
1682 47 11 463 9999
1683 27 1 463 9999
1684 18 16 464 9999
1685 48 40 464 9999
1686 37 18 464 9999
1687 16 49 464 9999
1688 46 21 464 9999
1689 48 5 464 9999
1690 19 16 465 9999
1691 46 1 465 9999
1692 27 25 465 9999
1693 5 26 465 9999
1694 3 30 465 9999
1695 22 25 465 9999
1696 29 38 466 9999
1697 22 43 466 9999
1698 18 26 466 9999
1699 11 36 466 9999
1700 26 1 466 9999
1701 23 44 466 9999
1702 20 39 467 9999
1703 46 18 467 9999
1704 12 46 467 9999
1705 24 32 467 9999
1706 13 20 467 9999
1707 35 40 468 9999
1708 47 42 468 9999
1709 18 0 468 9999
1710 22 43 468 9999
1711 25 4 468 9999
1712 33 0 469 9999
1713 47 1 469 9999
1714 28 8 469 9999
1715 37 4 469 9999
1716 12 1 470 9999
1717 32 1 470 9999
1718 47 2 470 9999
1719 16 43 470 9999
1720 26 0 471 9999
1721 8 48 471 9999
1722 37 0 471 9999
1723 48 29 471 9999
1724 19 48 472 9999
1725 4 12 472 9999
1726 26 8 472 9999
1727 47 28 473 9999
1728 5 49 473 9999
1729 8 13 473 9999
1730 36 14 474 9999
1731 27 1 474 9999
1732 15 9 475 9999
1733 4 14 475 9999
1734 12 20 476 9999
1735 10 40 476 9999
1736 20 18 477 9999
1737 41 7 478 9999
1738 21 39 479 9999
1739 39 40 495 9999
1740 39 43 496 9999
1741 4 17 497 9999
1742 3 1 498 9999
1743 47 8 498 9999
1744 2 5 499 9999
1745 23 41 499 9999
1746 22 1 500 9999
1747 42 39 500 9999
1748 12 46 501 9999
1749 4 26 501 9999
1750 19 16 501 9999
1751 19 39 502 9999
1752 34 10 502 9999
1753 49 5 502 9999
1754 1 40 503 9999
1755 47 42 503 9999
1756 33 3 503 9999
1757 12 38 503 9999
1758 7 11 504 9999
1759 46 11 504 9999
1760 19 21 504 9999
1761 2 41 504 9999
1762 24 46 505 9999
1763 30 37 505 9999
1764 43 36 505 9999
1765 15 12 505 9999
1766 2 34 506 9999
1767 3 39 506 9999
1768 46 4 506 9999
1769 46 47 506 9999
1770 44 46 506 9999
1771 42 29 507 9999
1772 49 6 507 9999
1773 17 8 507 9999
1774 17 15 507 9999
1775 22 36 507 9999
1776 37 24 508 9999
1777 27 11 508 9999
1778 21 8 508 9999
1779 0 16 508 9999
1780 46 16 508 9999
1781 30 49 508 9999
1782 0 35 509 9999
1783 38 47 509 9999
1784 40 34 509 9999
1785 46 36 509 9999
1786 30 40 509 9999
1787 16 32 509 9999
1788 46 35 510 9999
1789 42 14 510 9999
1790 1 14 510 9999
1791 2 40 510 9999
1792 41 30 510 9999
1793 3 14 510 9999
1794 40 4 511 9999
1795 30 36 511 9999
1796 22 12 511 9999
1797 37 22 511 9999
1798 47 25 511 9999
1799 21 39 511 9999
1800 10 20 512 9999
1801 26 42 512 9999
1802 10 42 512 9999
1803 24 9 512 9999
1804 29 19 512 9999
1805 25 30 512 9999
1806 33 27 512 9999
1807 20 24 513 9999
1808 9 24 513 9999
1809 38 49 513 9999
1810 30 20 513 9999
1811 38 2 513 9999
1812 32 25 513 9999
1813 26 32 513 9999
1814 1 48 514 9999
1815 21 13 514 9999
1816 20 47 514 9999
1817 7 32 514 9999
1818 41 34 514 9999
1819 41 21 514 9999
1820 3 16 514 9999
1821 3 38 515 9999
1822 46 26 515 9999
1823 13 5 515 9999
1824 2 3 515 9999
1825 7 32 515 9999
1826 26 45 515 9999
1827 36 8 515 9999
1828 20 12 516 9999
1829 42 23 516 9999
1830 12 14 516 9999
1831 38 32 516 9999
1832 13 48 516 9999
1833 15 7 516 9999
1834 32 8 516 9999
1835 28 37 517 9999
1836 27 33 517 9999
1837 25 23 517 9999
1838 9 40 517 9999
1839 28 11 517 9999
1840 46 35 517 9999
1841 45 22 517 9999
1842 32 31 518 9999
1843 32 5 518 9999
1844 46 25 518 9999
1845 28 8 518 9999
1846 39 19 518 9999
1847 43 4 518 9999
1848 17 10 518 9999
1849 11 1 519 9999
1850 20 41 519 9999
1851 38 47 519 9999
1852 25 13 519 9999
1853 20 36 519 9999
1854 6 1 519 9999
1855 48 2 519 9999
1856 38 45 520 9999
1857 24 23 520 9999
1858 29 6 520 9999
1859 28 25 520 9999
1860 31 8 520 9999
1861 35 22 520 9999
1862 29 30 520 9999
1863 27 46 521 9999
1864 40 47 521 9999
1865 13 32 521 9999
1866 37 10 521 9999
1867 7 1 521 9999
1868 33 43 521 9999
1869 7 36 521 9999
1870 43 9 522 9999
1871 26 39 522 9999
1872 35 49 522 9999
1873 18 41 522 9999
1874 27 45 522 9999
1875 23 38 522 9999
1876 30 47 522 9999
1877 17 13 523 9999
1878 24 16 523 9999
1879 5 15 523 9999
1880 15 18 523 9999
1881 49 3 523 9999
1882 29 6 523 9999
1883 6 14 523 9999
1884 1 15 524 9999
1885 0 47 524 9999
1886 26 38 524 9999
1887 11 26 524 9999
1888 8 2 524 9999
1889 5 3 524 9999
1890 27 43 524 9999
1891 35 25 525 9999
1892 11 48 525 9999
1893 1 27 525 9999
1894 6 18 525 9999
1895 42 24 525 9999
1896 17 47 525 9999
1897 3 23 525 9999
1898 3 17 526 9999
1899 27 18 526 9999
1900 19 26 526 9999
1901 44 46 526 9999
1902 14 5 526 9999
1903 24 22 526 9999
1904 10 29 527 9999
1905 27 37 527 9999
1906 25 14 527 9999
1907 14 36 527 9999
1908 15 16 527 9999
1909 15 21 527 9999
1910 34 9 528 9999
1911 45 2 528 9999
1912 7 1 528 9999
1913 27 10 528 9999
1914 20 6 528 9999
1915 31 40 528 9999
1916 32 25 529 9999
1917 38 46 529 9999
1918 33 12 529 9999
1919 20 43 529 9999
1920 41 49 529 9999
1921 32 16 530 9999
1922 16 47 530 9999
1923 4 31 530 9999
1924 13 21 530 9999
1925 4 49 530 9999
1926 31 1 531 9999
1927 1 40 531 9999
1928 2 31 531 9999
1929 2 25 531 9999
1930 37 33 531 9999
1931 15 20 532 9999
1932 11 5 532 9999
1933 18 46 532 9999
1934 17 41 532 9999
1935 39 10 533 9999
1936 42 23 533 9999
1937 29 8 533 9999
1938 20 33 533 9999
1939 41 35 534 9999
1940 7 47 534 9999
1941 37 40 534 9999
1942 49 38 534 9999
1943 30 3 535 9999
1944 21 34 535 9999
1945 28 9 535 9999
1946 20 45 536 9999
1947 31 33 536 9999
1948 0 1 536 9999
1949 29 19 537 9999
1950 42 20 537 9999
1951 30 37 538 9999
1952 43 9 538 9999
1953 47 16 539 9999
1954 44 39 539 9999
1955 3 38 540 9999
1956 40 43 541 9999
1957 37 31 542 9999
1958 25 41 558 9999
1959 2 12 559 9999
1960 21 13 560 9999
1961 32 17 561 9999
1962 44 15 561 9999
1963 19 46 562 9999
1964 44 39 562 9999
1965 40 14 563 9999
1966 21 27 563 9999
1967 9 30 563 9999
1968 25 26 564 9999
1969 16 31 564 9999
1970 30 4 564 9999
1971 21 25 565 9999
1972 42 4 565 9999
1973 3 35 565 9999
1974 7 15 566 9999
1975 6 22 566 9999
1976 47 25 566 9999
1977 17 14 566 9999
1978 45 13 567 9999
1979 8 36 567 9999
1980 3 24 567 9999
1981 7 31 567 9999
1982 33 39 568 9999
1983 8 11 568 9999
1984 17 24 568 9999
1985 42 49 568 9999
1986 28 15 569 9999
1987 25 22 569 9999
1988 22 30 569 9999
1989 7 31 569 9999
1990 45 16 569 9999
1991 3 42 570 9999
1992 41 20 570 9999
1993 8 38 570 9999
1994 35 16 570 9999
1995 24 39 570 9999
1996 42 33 571 9999
1997 22 27 571 9999
1998 22 32 571 9999
1999 38 42 571 9999
