0 33 36 1 9999
1 27 15 1 9999
2 43 35 1 9999
3 36 42 1 9999
4 49 21 1 9999
5 12 27 2 9999
6 40 9 2 9999
7 13 26 2 9999
8 40 26 2 9999
9 22 36 2 9999
10 11 18 3 9999
11 17 29 3 9999
12 32 30 3 9999
13 12 23 3 9999
14 17 35 3 9999
15 29 2 4 9999
16 22 8 4 9999
17 19 17 4 9999
18 43 6 4 9999
19 11 42 4 9999
20 29 23 5 9999
21 21 19 5 9999
22 34 37 5 9999
23 48 24 5 9999
24 15 20 5 9999
25 13 26 6 9999
26 41 30 6 9999
27 6 23 6 9999
28 12 20 6 9999
29 46 31 6 9999
30 5 25 7 9999
31 34 27 7 9999
32 36 5 7 9999
33 46 29 7 9999
34 13 7 7 9999
35 24 45 8 9999
36 32 45 8 9999
37 14 17 8 9999
38 34 14 8 9999
39 43 0 8 9999
40 37 8 9 9999
41 26 28 9 9999
42 38 34 9 9999
43 3 1 9 9999
44 4 49 9 9999
45 32 10 10 9999
46 26 18 10 9999
47 39 12 10 9999
48 26 36 10 9999
49 44 39 10 9999
50 45 20 11 9999
51 34 28 11 9999
52 17 1 11 9999
53 47 2 11 9999
54 17 42 11 9999
55 2 6 12 9999
56 1 30 12 9999
57 36 41 12 9999
58 15 39 12 9999
59 44 19 12 9999
60 40 29 13 9999
61 31 17 13 9999
62 47 21 13 9999
63 31 25 13 9999
64 9 27 13 9999
65 17 6 14 9999
66 47 3 14 9999
67 36 15 14 9999
68 6 33 14 9999
69 19 24 14 9999
70 28 21 15 9999
71 32 29 15 9999
72 3 19 15 9999
73 20 18 15 9999
74 8 15 15 9999
75 40 49 16 9999
76 46 23 16 9999
77 18 45 16 9999
78 46 1 16 9999
79 21 5 16 9999
80 29 38 17 9999
81 14 28 17 9999
82 41 0 17 9999
83 43 0 17 9999
84 34 14 17 9999
85 24 14 18 9999
86 37 6 18 9999
87 43 41 18 9999
88 27 15 18 9999
89 9 36 18 9999
90 32 1 19 9999
91 37 28 19 9999
92 25 7 19 9999
93 24 21 19 9999
94 8 45 19 9999
95 29 37 20 9999
96 35 43 20 9999
97 18 28 20 9999
98 43 11 20 9999
99 28 29 20 9999
100 26 4 21 9999
101 43 13 21 9999
102 13 38 21 9999
103 6 40 21 9999
104 4 18 21 9999
105 28 38 22 9999
106 19 17 22 9999
107 17 46 22 9999
108 24 43 22 9999
109 20 33 22 9999
110 40 49 23 9999
111 22 25 23 9999
112 44 40 23 9999
113 5 39 23 9999
114 4 36 23 9999
115 19 32 24 9999
116 42 14 24 9999
117 47 7 24 9999
118 5 4 24 9999
119 48 11 24 9999
120 22 28 25 9999
121 49 43 25 9999
122 46 18 25 9999
123 40 22 25 9999
124 11 10 25 9999
125 5 1 26 9999
126 11 30 26 9999
127 28 5 26 9999
128 20 36 26 9999
129 44 26 26 9999
130 22 15 27 9999
131 8 16 27 9999
132 32 8 27 9999
133 24 37 27 9999
134 12 24 27 9999
135 0 36 28 9999
136 2 49 28 9999
137 29 0 28 9999
138 18 21 28 9999
139 23 31 28 9999
140 31 30 29 9999
141 33 44 29 9999
142 10 13 29 9999
143 49 31 29 9999
144 49 46 29 9999
145 9 23 30 9999
146 13 18 30 9999
147 40 45 30 9999
148 26 16 30 9999
149 34 40 30 9999
150 40 34 31 9999
151 26 42 31 9999
152 36 7 31 9999
153 45 6 31 9999
154 29 18 31 9999
155 37 12 32 9999
156 48 22 32 9999
157 9 36 32 9999
158 10 42 32 9999
159 37 6 32 9999
160 1 13 33 9999
161 22 21 33 9999
162 5 19 33 9999
163 49 21 33 9999
164 4 39 33 9999
165 11 40 34 9999
166 17 5 34 9999
167 28 27 34 9999
168 0 34 34 9999
169 8 20 34 9999
170 24 22 35 9999
171 19 46 35 9999
172 31 30 35 9999
173 34 42 35 9999
174 22 0 35 9999
175 25 35 36 9999
176 22 49 36 9999
177 40 42 36 9999
178 48 13 36 9999
179 48 40 36 9999
180 24 40 37 9999
181 9 31 37 9999
182 19 36 37 9999
183 32 5 37 9999
184 44 4 37 9999
185 29 19 38 9999
186 23 26 38 9999
187 0 5 38 9999
188 10 42 38 9999
189 29 34 38 9999
190 43 5 39 9999
191 21 17 39 9999
192 4 13 39 9999
193 11 4 39 9999
194 26 9 39 9999
195 44 2 40 9999
196 2 6 40 9999
197 34 21 40 9999
198 42 18 40 9999
199 28 39 40 9999
200 22 8 41 9999
201 8 48 41 9999
202 36 8 41 9999
203 3 48 41 9999
204 3 33 41 9999
205 33 48 42 9999
206 40 4 42 9999
207 17 46 42 9999
208 18 29 42 9999
209 0 46 42 9999
210 38 47 43 9999
211 49 40 43 9999
212 3 33 43 9999
213 13 47 43 9999
214 3 42 43 9999
215 36 25 44 9999
216 2 46 44 9999
217 25 38 44 9999
218 7 29 44 9999
219 36 10 44 9999
220 14 21 45 9999
221 10 4 45 9999
222 28 27 45 9999
223 0 48 45 9999
224 6 2 45 9999
225 44 47 46 9999
226 49 43 46 9999
227 39 2 46 9999
228 28 3 46 9999
229 0 31 46 9999
230 47 38 47 9999
231 9 1 47 9999
232 35 34 47 9999
233 39 42 47 9999
234 15 27 47 9999
235 4 29 48 9999
236 49 14 48 9999
237 35 29 48 9999
238 43 35 48 9999
239 27 0 48 9999
240 38 21 49 9999
241 49 39 49 9999
242 17 38 49 9999
243 42 45 49 9999
244 43 44 49 9999
245 29 40 50 9999
246 32 40 50 9999
247 41 19 50 9999
248 26 32 50 9999
249 11 42 50 9999
250 10 17 51 9999
251 23 11 51 9999
252 31 9 51 9999
253 40 25 51 9999
254 46 17 51 9999
255 27 34 52 9999
256 40 26 52 9999
257 24 7 52 9999
258 14 18 52 9999
259 5 8 52 9999
260 12 36 53 9999
261 0 46 53 9999
262 26 44 53 9999
263 16 2 53 9999
264 28 29 53 9999
265 46 40 54 9999
266 47 20 54 9999
267 1 30 54 9999
268 31 43 54 9999
269 7 27 54 9999
270 12 36 55 9999
271 14 5 55 9999
272 12 40 55 9999
273 12 29 55 9999
274 10 19 55 9999
275 39 24 56 9999
276 5 41 56 9999
277 20 33 56 9999
278 37 38 56 9999
279 38 16 56 9999
280 20 34 57 9999
281 6 17 57 9999
282 6 10 57 9999
283 49 37 57 9999
284 5 9 57 9999
285 17 18 58 9999
286 45 33 58 9999
287 23 8 58 9999
288 23 37 58 9999
289 39 33 58 9999
290 7 28 59 9999
291 7 14 59 9999
292 21 29 59 9999
293 0 9 59 9999
294 18 38 59 9999
295 25 38 60 9999
296 24 33 60 9999
297 7 31 60 9999
298 43 8 60 9999
299 20 49 60 9999
300 17 39 61 9999
301 19 13 61 9999
302 22 44 61 9999
303 23 47 61 9999
304 31 12 61 9999
305 32 40 62 9999
306 42 41 62 9999
307 7 15 62 9999
308 21 7 62 9999
309 24 41 62 9999
310 47 1 63 9999
311 31 21 63 9999
312 37 40 63 9999
313 4 30 63 9999
314 48 25 63 9999
315 31 16 64 9999
316 16 2 64 9999
317 31 39 64 9999
318 46 4 64 9999
319 38 30 64 9999
320 18 21 65 9999
321 20 12 65 9999
322 12 29 65 9999
323 27 35 65 9999
324 36 4 65 9999
325 26 33 66 9999
326 7 9 66 9999
327 7 44 66 9999
328 49 11 66 9999
329 27 0 66 9999
330 36 10 67 9999
331 18 5 67 9999
332 13 49 67 9999
333 44 11 67 9999
334 5 34 67 9999
335 41 25 68 9999
336 5 14 68 9999
337 39 18 68 9999
338 43 18 68 9999
339 5 32 68 9999
340 22 32 69 9999
341 17 30 69 9999
342 43 24 69 9999
343 26 43 69 9999
344 36 3 69 9999
345 43 24 70 9999
346 14 13 70 9999
347 29 27 70 9999
348 12 25 70 9999
349 38 19 70 9999
350 10 32 71 9999
351 44 17 71 9999
352 46 35 71 9999
353 37 41 71 9999
354 3 43 71 9999
355 23 28 72 9999
356 25 41 72 9999
357 10 18 72 9999
358 17 36 72 9999
359 13 5 72 9999
360 40 8 73 9999
361 30 4 73 9999
362 21 11 73 9999
363 33 35 73 9999
364 39 23 73 9999
365 4 1 74 9999
366 5 0 74 9999
367 18 3 74 9999
368 35 6 74 9999
369 45 39 74 9999
370 49 20 75 9999
371 17 26 75 9999
372 13 27 75 9999
373 46 31 75 9999
374 15 10 75 9999
375 36 5 76 9999
376 20 18 76 9999
377 11 42 76 9999
378 32 46 76 9999
379 29 21 76 9999
380 20 34 77 9999
381 22 27 77 9999
382 34 40 77 9999
383 33 22 77 9999
384 48 30 77 9999
385 13 47 78 9999
386 0 30 78 9999
387 23 14 78 9999
388 9 22 78 9999
389 47 24 78 9999
390 32 35 79 9999
391 32 4 79 9999
392 4 43 79 9999
393 48 36 79 9999
394 40 28 79 9999
395 9 12 80 9999
396 12 33 80 9999
397 41 48 80 9999
398 23 24 80 9999
399 22 4 80 9999
400 35 21 81 9999
401 7 15 81 9999
402 47 21 81 9999
403 26 19 81 9999
404 18 1 81 9999
405 3 33 82 9999
406 7 9 82 9999
407 28 6 82 9999
408 47 20 82 9999
409 34 8 82 9999
410 34 48 83 9999
411 41 26 83 9999
412 48 15 83 9999
413 2 21 83 9999
414 39 9 83 9999
415 6 10 84 9999
416 16 24 84 9999
417 9 39 84 9999
418 0 28 84 9999
419 9 3 84 9999
420 31 14 85 9999
421 38 39 85 9999
422 26 17 85 9999
423 47 23 85 9999
424 37 31 85 9999
425 32 22 86 9999
426 31 25 86 9999
427 0 29 86 9999
428 40 4 86 9999
429 0 31 86 9999
430 13 7 87 9999
431 44 31 87 9999
432 31 3 87 9999
433 20 33 87 9999
434 32 31 87 9999
435 37 15 88 9999
436 46 25 88 9999
437 4 22 88 9999
438 42 1 88 9999
439 47 32 88 9999
440 34 31 89 9999
441 6 15 89 9999
442 7 8 89 9999
443 45 49 89 9999
444 12 47 89 9999
445 33 26 90 9999
446 4 27 90 9999
447 9 37 90 9999
448 32 21 90 9999
449 16 13 90 9999
450 10 32 91 9999
451 11 35 91 9999
452 36 35 91 9999
453 30 40 91 9999
454 33 14 91 9999
455 26 16 92 9999
456 20 42 92 9999
457 25 28 92 9999
458 39 25 92 9999
459 40 36 92 9999
460 10 18 93 9999
461 43 37 93 9999
462 28 32 93 9999
463 21 10 93 9999
464 5 38 93 9999
465 25 15 94 9999
466 20 37 94 9999
467 3 8 94 9999
468 22 33 94 9999
469 0 7 94 9999
470 47 27 95 9999
471 26 19 95 9999
472 21 1 95 9999
473 49 10 95 9999
474 28 39 95 9999
475 48 38 96 9999
476 10 43 96 9999
477 27 40 96 9999
478 26 49 96 9999
479 2 31 96 9999
480 37 27 97 9999
481 49 7 97 9999
482 16 2 97 9999
483 17 41 97 9999
484 35 18 97 9999
485 48 34 98 9999
486 45 26 98 9999
487 5 16 98 9999
488 28 4 98 9999
489 28 8 98 9999
490 43 28 99 9999
491 47 5 99 9999
492 22 24 99 9999
493 45 0 99 9999
494 25 47 99 9999
495 33 12 100 9999
496 27 32 100 9999
497 21 43 100 9999
498 34 39 100 9999
499 34 21 100 9999
500 9 35 101 9999
501 7 4 101 9999
502 11 12 101 9999
503 22 41 101 9999
504 16 2 101 9999
505 0 12 102 9999
506 32 49 102 9999
507 17 4 102 9999
508 23 15 102 9999
509 6 1 102 9999
510 14 40 103 9999
511 13 41 103 9999
512 22 37 103 9999
513 37 9 103 9999
514 28 21 103 9999
515 30 37 104 9999
516 6 40 104 9999
517 41 20 104 9999
518 2 15 104 9999
519 11 19 104 9999
520 17 11 105 9999
521 33 1 105 9999
522 12 0 105 9999
523 6 38 105 9999
524 17 14 105 9999
525 39 32 106 9999
526 4 25 106 9999
527 29 41 106 9999
528 12 38 106 9999
529 19 36 106 9999
530 20 6 107 9999
531 44 10 107 9999
532 49 14 107 9999
533 15 14 107 9999
534 26 36 107 9999
535 33 39 108 9999
536 19 35 108 9999
537 2 21 108 9999
538 43 40 108 9999
539 39 9 108 9999
540 31 23 109 9999
541 14 35 109 9999
542 48 45 109 9999
543 27 13 109 9999
544 33 48 109 9999
545 49 5 110 9999
546 5 43 110 9999
547 18 6 110 9999
548 10 33 110 9999
549 23 36 110 9999
550 21 8 111 9999
551 27 40 111 9999
552 45 31 111 9999
553 11 40 111 9999
554 23 0 111 9999
555 0 4 112 9999
556 25 14 112 9999
557 42 24 112 9999
558 9 19 112 9999
559 39 44 112 9999
560 19 38 113 9999
561 1 26 113 9999
562 33 19 113 9999
563 33 43 113 9999
564 4 6 113 9999
565 31 25 114 9999
566 16 11 114 9999
567 17 12 114 9999
568 42 29 114 9999
569 2 18 114 9999
570 31 2 115 9999
571 24 7 115 9999
572 18 16 115 9999
573 33 27 115 9999
574 37 22 115 9999
575 23 7 116 9999
576 12 25 116 9999
577 33 47 116 9999
578 46 18 116 9999
579 41 3 116 9999
580 26 24 117 9999
581 30 43 117 9999
582 35 48 117 9999
583 5 30 117 9999
584 29 9 117 9999
585 48 10 118 9999
586 12 24 118 9999
587 19 30 118 9999
588 41 2 118 9999
589 10 30 118 9999
590 26 33 119 9999
591 39 40 119 9999
592 8 23 119 9999
593 38 7 119 9999
594 43 31 119 9999
595 10 20 120 9999
596 5 40 120 9999
597 13 41 120 9999
598 38 20 120 9999
599 21 17 120 9999
600 29 21 121 9999
601 30 43 121 9999
602 45 49 121 9999
603 24 38 121 9999
604 4 36 121 9999
605 19 32 122 9999
606 19 10 122 9999
607 23 30 122 9999
608 33 13 122 9999
609 37 29 122 9999
610 44 49 123 9999
611 49 1 123 9999
612 39 14 123 9999
613 42 30 123 9999
614 36 15 123 9999
615 49 15 124 9999
616 36 31 124 9999
617 11 34 124 9999
618 33 37 124 9999
619 22 37 124 9999
620 23 43 125 9999
621 19 42 125 9999
622 4 44 125 9999
623 24 39 125 9999
624 9 13 125 9999
625 18 3 126 9999
626 12 19 126 9999
627 5 4 126 9999
628 33 49 126 9999
629 34 19 126 9999
630 15 35 127 9999
631 37 3 127 9999
632 19 0 127 9999
633 37 2 127 9999
634 37 12 127 9999
635 39 10 128 9999
636 5 10 128 9999
637 4 11 128 9999
638 7 29 128 9999
639 3 16 128 9999
640 42 21 129 9999
641 22 5 129 9999
642 43 29 129 9999
643 11 28 129 9999
644 28 47 129 9999
645 0 45 130 9999
646 32 37 130 9999
647 49 1 130 9999
648 39 36 130 9999
649 3 26 130 9999
650 48 44 131 9999
651 36 6 131 9999
652 7 42 131 9999
653 17 14 131 9999
654 21 20 131 9999
655 30 16 132 9999
656 44 4 132 9999
657 23 37 132 9999
658 33 34 132 9999
659 17 12 132 9999
660 31 17 133 9999
661 9 15 133 9999
662 6 8 133 9999
663 19 45 133 9999
664 45 22 133 9999
665 21 45 134 9999
666 19 9 134 9999
667 1 26 134 9999
668 2 21 134 9999
669 40 25 134 9999
670 43 22 135 9999
671 41 39 135 9999
672 27 16 135 9999
673 28 12 135 9999
674 0 46 135 9999
675 24 33 136 9999
676 13 36 136 9999
677 49 20 136 9999
678 44 18 136 9999
679 15 41 136 9999
680 42 39 137 9999
681 37 13 137 9999
682 48 40 137 9999
683 39 2 137 9999
684 13 31 137 9999
685 28 7 138 9999
686 4 21 138 9999
687 46 33 138 9999
688 38 25 138 9999
689 45 40 138 9999
690 21 22 139 9999
691 26 34 139 9999
692 8 25 139 9999
693 6 2 139 9999
694 45 22 139 9999
695 46 39 140 9999
696 11 33 140 9999
697 3 11 140 9999
698 25 42 140 9999
699 16 39 140 9999
700 24 44 141 9999
701 46 30 141 9999
702 17 44 141 9999
703 13 7 141 9999
704 19 10 141 9999
705 0 42 142 9999
706 32 26 142 9999
707 29 40 142 9999
708 3 35 142 9999
709 45 48 142 9999
710 7 41 143 9999
711 37 20 143 9999
712 26 40 143 9999
713 34 1 143 9999
714 33 0 143 9999
715 42 9 144 9999
716 46 40 144 9999
717 39 13 144 9999
718 35 4 144 9999
719 23 6 144 9999
720 14 23 145 9999
721 1 49 145 9999
722 1 30 145 9999
723 39 4 145 9999
724 15 36 145 9999
725 2 25 146 9999
726 29 41 146 9999
727 47 7 146 9999
728 34 31 146 9999
729 11 19 146 9999
730 31 3 147 9999
731 28 27 147 9999
732 44 19 147 9999
733 43 31 147 9999
734 23 18 147 9999
735 37 39 148 9999
736 43 38 148 9999
737 38 44 148 9999
738 20 30 148 9999
739 48 36 148 9999
740 18 2 149 9999
741 13 48 149 9999
742 45 10 149 9999
743 5 29 149 9999
744 42 16 149 9999
745 48 25 150 9999
746 22 28 150 9999
747 3 16 150 9999
748 47 48 150 9999
749 47 22 150 9999
750 16 36 151 9999
751 12 9 151 9999
752 27 0 151 9999
753 3 47 151 9999
754 32 3 151 9999
755 35 1 152 9999
756 7 48 152 9999
757 49 4 152 9999
758 11 6 152 9999
759 34 3 152 9999
760 25 34 153 9999
761 28 47 153 9999
762 13 33 153 9999
763 15 10 153 9999
764 31 14 153 9999
765 35 47 154 9999
766 0 47 154 9999
767 8 29 154 9999
768 49 13 154 9999
769 29 34 154 9999
770 16 14 155 9999
771 35 25 155 9999
772 15 36 155 9999
773 30 26 155 9999
774 42 16 155 9999
775 29 19 156 9999
776 2 9 156 9999
777 16 15 156 9999
778 45 33 156 9999
779 28 26 156 9999
780 47 13 157 9999
781 26 0 157 9999
782 12 36 157 9999
783 29 13 157 9999
784 0 8 157 9999
785 47 16 158 9999
786 25 32 158 9999
787 44 40 158 9999
788 20 26 158 9999
789 18 15 158 9999
790 44 49 159 9999
791 34 46 159 9999
792 8 3 159 9999
793 12 3 159 9999
794 36 42 159 9999
795 32 34 160 9999
796 7 10 160 9999
797 34 19 160 9999
798 46 15 160 9999
799 34 46 160 9999
800 24 32 161 9999
801 15 1 161 9999
802 16 11 161 9999
803 43 37 161 9999
804 37 11 161 9999
805 2 31 162 9999
806 10 38 162 9999
807 29 20 162 9999
808 41 43 162 9999
809 24 28 162 9999
810 35 8 163 9999
811 12 42 163 9999
812 20 46 163 9999
813 13 16 163 9999
814 11 0 163 9999
815 15 37 164 9999
816 34 32 164 9999
817 40 0 164 9999
818 43 33 164 9999
819 39 30 164 9999
820 44 43 165 9999
821 13 4 165 9999
822 32 44 165 9999
823 25 23 165 9999
824 38 1 165 9999
825 1 23 166 9999
826 11 15 166 9999
827 18 31 166 9999
828 13 33 166 9999
829 49 27 166 9999
830 35 14 167 9999
831 14 19 167 9999
832 46 7 167 9999
833 22 41 167 9999
834 40 11 167 9999
835 23 37 168 9999
836 7 36 168 9999
837 43 39 168 9999
838 31 20 168 9999
839 14 21 168 9999
840 21 18 169 9999
841 46 34 169 9999
842 33 14 169 9999
843 17 47 169 9999
844 0 17 169 9999
845 24 35 170 9999
846 33 40 170 9999
847 7 32 170 9999
848 49 29 170 9999
849 23 40 170 9999
850 42 47 171 9999
851 29 49 171 9999
852 35 22 171 9999
853 40 18 171 9999
854 43 5 171 9999
855 39 16 172 9999
856 25 36 172 9999
857 3 10 172 9999
858 2 20 172 9999
859 7 4 172 9999
860 37 33 173 9999
861 40 21 173 9999
862 26 47 173 9999
863 5 27 173 9999
864 28 19 173 9999
865 20 27 174 9999
866 48 20 174 9999
867 13 21 174 9999
868 10 33 174 9999
869 16 17 174 9999
870 23 32 175 9999
871 42 11 175 9999
872 35 3 175 9999
873 13 8 175 9999
874 12 18 175 9999
875 45 48 176 9999
876 10 18 176 9999
877 26 9 176 9999
878 23 3 176 9999
879 37 4 176 9999
880 23 7 177 9999
881 31 23 177 9999
882 29 46 177 9999
883 44 42 177 9999
884 30 12 177 9999
885 9 5 178 9999
886 47 4 178 9999
887 16 34 178 9999
888 9 31 178 9999
889 42 23 178 9999
890 1 38 179 9999
891 21 13 179 9999
892 8 49 179 9999
893 22 34 179 9999
894 5 11 179 9999
895 40 30 180 9999
896 21 23 180 9999
897 3 0 180 9999
898 20 0 180 9999
899 42 2 180 9999
900 12 4 181 9999
901 7 9 181 9999
902 8 25 181 9999
903 44 17 181 9999
904 8 36 181 9999
905 40 10 182 9999
906 26 14 182 9999
907 23 37 182 9999
908 15 48 182 9999
909 21 20 182 9999
910 9 13 183 9999
911 0 32 183 9999
912 36 4 183 9999
913 33 8 183 9999
914 6 27 183 9999
915 10 18 184 9999
916 31 19 184 9999
917 28 41 184 9999
918 46 24 184 9999
919 8 5 184 9999
920 10 1 185 9999
921 15 39 185 9999
922 17 40 185 9999
923 26 32 185 9999
924 38 49 185 9999
925 5 0 186 9999
926 12 7 186 9999
927 32 48 186 9999
928 11 17 186 9999
929 7 19 186 9999
930 47 19 187 9999
931 38 28 187 9999
932 39 18 187 9999
933 20 35 187 9999
934 42 30 187 9999
935 42 4 188 9999
936 33 7 188 9999
937 43 0 188 9999
938 0 21 188 9999
939 35 38 188 9999
940 20 40 189 9999
941 40 34 189 9999
942 47 25 189 9999
943 33 11 189 9999
944 44 42 189 9999
945 30 41 190 9999
946 13 20 190 9999
947 20 4 190 9999
948 38 42 190 9999
949 42 30 190 9999
950 22 34 191 9999
951 35 8 191 9999
952 44 30 191 9999
953 8 44 191 9999
954 2 45 191 9999
955 34 22 192 9999
956 37 25 192 9999
957 7 35 192 9999
958 2 42 192 9999
959 48 46 192 9999
960 36 30 193 9999
961 40 49 193 9999
962 1 12 193 9999
963 6 39 193 9999
964 4 48 193 9999
965 22 28 194 9999
966 32 7 194 9999
967 38 26 194 9999
968 37 47 194 9999
969 20 39 194 9999
970 44 5 195 9999
971 14 32 195 9999
972 32 23 195 9999
973 19 36 195 9999
974 15 17 195 9999
975 34 3 196 9999
976 49 24 196 9999
977 4 0 196 9999
978 36 10 196 9999
979 42 8 196 9999
980 14 23 197 9999
981 41 21 197 9999
982 11 19 197 9999
983 10 40 197 9999
984 2 5 197 9999
985 47 16 198 9999
986 39 31 198 9999
987 39 8 198 9999
988 17 6 198 9999
989 25 1 198 9999
990 11 24 199 9999
991 28 15 199 9999
992 27 16 199 9999
993 26 19 199 9999
994 11 34 199 9999
995 33 36 200 9999
996 27 6 200 9999
997 49 47 200 9999
998 16 10 200 9999
999 39 20 200 9999
1000 17 36 201 9999
1001 36 8 201 9999
1002 17 27 201 9999
1003 16 36 201 9999
1004 35 43 201 9999
1005 37 46 202 9999
1006 19 17 202 9999
1007 12 46 202 9999
1008 34 40 202 9999
1009 17 45 202 9999
1010 24 0 203 9999
1011 31 2 203 9999
1012 8 30 203 9999
1013 1 25 203 9999
1014 42 40 203 9999
1015 47 11 204 9999
1016 26 34 204 9999
1017 19 45 204 9999
1018 13 35 204 9999
1019 31 1 204 9999
1020 30 20 205 9999
1021 47 0 205 9999
1022 38 11 205 9999
1023 46 24 205 9999
1024 1 14 205 9999
1025 19 28 206 9999
1026 16 2 206 9999
1027 32 25 206 9999
1028 32 33 206 9999
1029 2 27 206 9999
1030 23 49 207 9999
1031 40 1 207 9999
1032 35 10 207 9999
1033 46 49 207 9999
1034 47 29 207 9999
1035 2 28 208 9999
1036 49 28 208 9999
1037 39 13 208 9999
1038 26 13 208 9999
1039 16 40 208 9999
1040 34 44 209 9999
1041 9 36 209 9999
1042 26 34 209 9999
1043 21 9 209 9999
1044 38 0 209 9999
1045 34 39 210 9999
1046 40 35 210 9999
1047 25 0 210 9999
1048 31 26 210 9999
1049 0 12 210 9999
1050 28 14 211 9999
1051 29 8 211 9999
1052 3 44 211 9999
1053 34 19 211 9999
1054 11 27 211 9999
1055 5 7 212 9999
1056 36 42 212 9999
1057 34 22 212 9999
1058 15 45 212 9999
1059 10 15 212 9999
1060 32 49 213 9999
1061 7 17 213 9999
1062 26 8 213 9999
1063 1 2 213 9999
1064 10 13 213 9999
1065 32 38 214 9999
1066 27 14 214 9999
1067 46 33 214 9999
1068 8 30 214 9999
1069 4 19 214 9999
1070 7 9 215 9999
1071 27 45 215 9999
1072 1 13 215 9999
1073 17 18 215 9999
1074 10 29 215 9999
1075 35 42 216 9999
1076 31 43 216 9999
1077 12 7 216 9999
1078 3 13 216 9999
1079 12 13 216 9999
1080 28 46 217 9999
1081 1 6 217 9999
1082 10 49 217 9999
1083 41 19 217 9999
1084 31 45 217 9999
1085 40 39 218 9999
1086 4 19 218 9999
1087 36 8 218 9999
1088 32 4 218 9999
1089 26 45 218 9999
1090 33 14 219 9999
1091 37 14 219 9999
1092 7 1 219 9999
1093 24 10 219 9999
1094 14 38 219 9999
1095 23 43 220 9999
1096 34 26 220 9999
1097 1 45 220 9999
1098 25 44 220 9999
1099 16 6 220 9999
1100 39 6 221 9999
1101 47 45 221 9999
1102 26 34 221 9999
1103 3 10 221 9999
1104 40 32 221 9999
1105 5 23 222 9999
1106 48 45 222 9999
1107 40 5 222 9999
1108 46 16 222 9999
1109 17 13 222 9999
1110 4 40 223 9999
1111 8 40 223 9999
1112 18 11 223 9999
1113 35 43 223 9999
1114 5 1 223 9999
1115 1 44 224 9999
1116 10 1 224 9999
1117 41 38 224 9999
1118 35 47 224 9999
1119 48 25 224 9999
1120 31 6 225 9999
1121 0 29 225 9999
1122 1 42 225 9999
1123 34 49 225 9999
1124 10 1 225 9999
1125 14 43 226 9999
1126 22 5 226 9999
1127 11 33 226 9999
1128 42 6 226 9999
1129 40 46 226 9999
1130 9 36 227 9999
1131 8 10 227 9999
1132 28 46 227 9999
1133 47 25 227 9999
1134 44 24 227 9999
1135 6 0 228 9999
1136 25 35 228 9999
1137 3 19 228 9999
1138 21 5 228 9999
1139 30 24 228 9999
1140 19 46 229 9999
1141 17 44 229 9999
1142 3 30 229 9999
1143 29 46 229 9999
1144 36 20 229 9999
1145 44 45 230 9999
1146 8 2 230 9999
1147 8 36 230 9999
1148 48 5 230 9999
1149 13 44 230 9999
1150 30 21 231 9999
1151 47 7 231 9999
1152 8 0 231 9999
1153 28 29 231 9999
1154 7 8 231 9999
1155 3 29 232 9999
1156 7 22 232 9999
1157 25 10 232 9999
1158 2 4 232 9999
1159 8 40 232 9999
1160 26 2 233 9999
1161 36 35 233 9999
1162 6 46 233 9999
1163 23 4 233 9999
1164 1 37 233 9999
1165 1 33 234 9999
1166 10 48 234 9999
1167 42 19 234 9999
1168 0 21 234 9999
1169 0 8 234 9999
1170 31 6 235 9999
1171 37 38 235 9999
1172 28 12 235 9999
1173 1 33 235 9999
1174 18 9 235 9999
1175 23 45 236 9999
1176 14 11 236 9999
1177 32 22 236 9999
1178 7 29 236 9999
1179 11 44 236 9999
1180 30 44 237 9999
1181 7 28 237 9999
1182 37 26 237 9999
1183 28 10 237 9999
1184 28 36 237 9999
1185 41 34 238 9999
1186 25 32 238 9999
1187 15 39 238 9999
1188 33 48 238 9999
1189 8 44 238 9999
1190 23 5 239 9999
1191 10 35 239 9999
1192 39 33 239 9999
1193 44 46 239 9999
1194 12 5 239 9999
1195 43 42 240 9999
1196 0 20 240 9999
1197 39 28 240 9999
1198 0 49 240 9999
1199 6 37 240 9999
1200 42 41 241 9999
1201 14 24 241 9999
1202 8 4 241 9999
1203 9 8 241 9999
1204 14 4 241 9999
1205 31 19 242 9999
1206 16 18 242 9999
1207 10 49 242 9999
1208 13 6 242 9999
1209 13 18 242 9999
1210 49 5 243 9999
1211 20 1 243 9999
1212 27 11 243 9999
1213 29 28 243 9999
1214 12 36 243 9999
1215 17 5 244 9999
1216 29 33 244 9999
1217 29 39 244 9999
1218 37 39 244 9999
1219 47 3 244 9999
1220 45 30 245 9999
1221 24 11 245 9999
1222 49 34 245 9999
1223 11 14 245 9999
1224 43 26 245 9999
1225 34 42 246 9999
1226 32 7 246 9999
1227 46 11 246 9999
1228 18 25 246 9999
1229 41 31 246 9999
1230 13 10 247 9999
1231 36 44 247 9999
1232 44 17 247 9999
1233 35 33 247 9999
1234 8 32 247 9999
1235 37 3 248 9999
1236 15 13 248 9999
1237 17 14 248 9999
1238 48 30 248 9999
1239 30 41 248 9999
1240 6 14 249 9999
1241 35 38 249 9999
1242 23 31 249 9999
1243 2 42 249 9999
1244 9 45 249 9999
1245 25 24 250 9999
1246 6 13 250 9999
1247 21 2 250 9999
1248 30 6 250 9999
1249 35 41 250 9999
1250 39 24 251 9999
1251 44 6 251 9999
1252 38 11 251 9999
1253 20 38 251 9999
1254 41 2 251 9999
1255 29 48 252 9999
1256 18 16 252 9999
1257 38 42 252 9999
1258 0 42 252 9999
1259 34 9 252 9999
1260 38 11 253 9999
1261 35 46 253 9999
1262 24 6 253 9999
1263 48 6 253 9999
1264 13 35 253 9999
1265 47 4 254 9999
1266 12 44 254 9999
1267 10 2 254 9999
1268 7 32 254 9999
1269 40 1 254 9999
1270 36 21 255 9999
1271 49 4 255 9999
1272 39 46 255 9999
1273 39 34 255 9999
1274 32 0 255 9999
1275 22 43 256 9999
1276 36 18 256 9999
1277 19 42 256 9999
1278 18 26 256 9999
1279 7 3 256 9999
1280 25 13 257 9999
1281 15 19 257 9999
1282 25 19 257 9999
1283 27 9 257 9999
1284 9 30 257 9999
1285 45 32 258 9999
1286 31 0 258 9999
1287 22 20 258 9999
1288 46 13 258 9999
1289 6 29 258 9999
1290 14 28 259 9999
1291 24 0 259 9999
1292 48 44 259 9999
1293 44 18 259 9999
1294 22 4 259 9999
1295 22 47 260 9999
1296 17 39 260 9999
1297 19 43 260 9999
1298 9 48 260 9999
1299 4 20 260 9999
1300 28 0 261 9999
1301 5 9 261 9999
1302 0 29 261 9999
1303 31 48 261 9999
1304 42 38 261 9999
1305 27 6 262 9999
1306 18 4 262 9999
1307 8 19 262 9999
1308 48 3 262 9999
1309 37 20 262 9999
1310 7 11 263 9999
1311 19 26 263 9999
1312 3 40 263 9999
1313 21 14 263 9999
1314 38 26 263 9999
1315 36 16 264 9999
1316 26 41 264 9999
1317 27 28 264 9999
1318 22 9 264 9999
1319 26 15 264 9999
1320 49 4 265 9999
1321 23 17 265 9999
1322 8 32 265 9999
1323 38 8 265 9999
1324 37 26 265 9999
1325 30 44 266 9999
1326 39 1 266 9999
1327 22 42 266 9999
1328 42 44 266 9999
1329 6 30 266 9999
1330 22 43 267 9999
1331 49 48 267 9999
1332 36 28 267 9999
1333 26 9 267 9999
1334 37 2 267 9999
1335 26 38 268 9999
1336 8 49 268 9999
1337 8 18 268 9999
1338 31 46 268 9999
1339 28 20 268 9999
1340 24 8 269 9999
1341 14 12 269 9999
1342 39 6 269 9999
1343 4 35 269 9999
1344 15 34 269 9999
1345 7 10 270 9999
1346 35 7 270 9999
1347 46 14 270 9999
1348 33 5 270 9999
1349 3 37 270 9999
1350 33 42 271 9999
1351 48 33 271 9999
1352 0 18 271 9999
1353 16 46 271 9999
1354 49 37 271 9999
1355 21 9 272 9999
1356 3 37 272 9999
1357 21 42 272 9999
1358 43 25 272 9999
1359 27 10 272 9999
1360 12 36 273 9999
1361 20 47 273 9999
1362 43 17 273 9999
1363 11 28 273 9999
1364 24 17 273 9999
1365 16 8 274 9999
1366 9 16 274 9999
1367 43 9 274 9999
1368 36 9 274 9999
1369 7 35 274 9999
1370 46 30 275 9999
1371 45 2 275 9999
1372 17 16 275 9999
1373 46 13 275 9999
1374 42 24 275 9999
1375 23 6 276 9999
1376 10 44 276 9999
1377 3 6 276 9999
1378 13 17 276 9999
1379 34 39 276 9999
1380 34 2 277 9999
1381 49 43 277 9999
1382 18 42 277 9999
1383 4 5 277 9999
1384 4 13 277 9999
1385 42 2 278 9999
1386 44 37 278 9999
1387 4 11 278 9999
1388 6 1 278 9999
1389 26 48 278 9999
1390 27 0 279 9999
1391 4 39 279 9999
1392 46 9 279 9999
1393 45 11 279 9999
1394 26 30 279 9999
1395 2 12 280 9999
1396 32 2 280 9999
1397 7 3 280 9999
1398 46 11 280 9999
1399 10 0 280 9999
1400 27 2 281 9999
1401 3 21 281 9999
1402 40 7 281 9999
1403 34 48 281 9999
1404 10 11 281 9999
1405 48 37 282 9999
1406 13 4 282 9999
1407 27 11 282 9999
1408 13 24 282 9999
1409 24 42 282 9999
1410 4 26 283 9999
1411 4 39 283 9999
1412 28 14 283 9999
1413 42 25 283 9999
1414 27 2 283 9999
1415 27 4 284 9999
1416 4 30 284 9999
1417 25 46 284 9999
1418 40 10 284 9999
1419 44 0 284 9999
1420 23 42 285 9999
1421 40 38 285 9999
1422 46 19 285 9999
1423 49 12 285 9999
1424 43 25 285 9999
1425 4 48 286 9999
1426 1 10 286 9999
1427 37 32 286 9999
1428 24 29 286 9999
1429 9 2 286 9999
1430 33 36 287 9999
1431 6 37 287 9999
1432 17 34 287 9999
1433 36 9 287 9999
1434 46 30 287 9999
1435 9 19 288 9999
1436 25 1 288 9999
1437 7 23 288 9999
1438 20 8 288 9999
1439 35 14 288 9999
1440 33 39 289 9999
1441 14 36 289 9999
1442 2 3 289 9999
1443 18 26 289 9999
1444 32 27 289 9999
1445 30 17 290 9999
1446 16 37 290 9999
1447 4 33 290 9999
1448 21 42 290 9999
1449 44 17 290 9999
1450 25 5 291 9999
1451 38 0 291 9999
1452 7 47 291 9999
1453 23 27 291 9999
1454 7 9 291 9999
1455 43 42 292 9999
1456 0 7 292 9999
1457 28 2 292 9999
1458 10 47 292 9999
1459 31 44 292 9999
1460 26 11 293 9999
1461 11 42 293 9999
1462 48 18 293 9999
1463 27 21 293 9999
1464 10 21 293 9999
1465 40 37 294 9999
1466 29 30 294 9999
1467 37 36 294 9999
1468 29 13 294 9999
1469 13 36 294 9999
1470 24 9 295 9999
1471 28 24 295 9999
1472 16 9 295 9999
1473 29 27 295 9999
1474 8 10 295 9999
1475 21 34 296 9999
1476 23 35 296 9999
1477 29 24 296 9999
1478 3 8 296 9999
1479 45 15 296 9999
1480 32 38 297 9999
1481 3 11 297 9999
1482 18 42 297 9999
1483 47 0 297 9999
1484 5 12 297 9999
1485 36 31 298 9999
1486 21 17 298 9999
1487 8 38 298 9999
1488 26 37 298 9999
1489 17 34 298 9999
1490 49 40 299 9999
1491 20 22 299 9999
1492 27 1 299 9999
1493 46 32 299 9999
1494 10 44 299 9999
1495 48 42 300 9999
1496 32 3 300 9999
1497 3 2 300 9999
1498 47 2 300 9999
1499 4 5 300 9999
1500 14 41 301 9999
1501 36 38 301 9999
1502 10 44 301 9999
1503 28 38 301 9999
1504 33 45 301 9999
1505 22 34 302 9999
1506 37 44 302 9999
1507 7 15 302 9999
1508 46 5 302 9999
1509 47 6 302 9999
1510 49 47 303 9999
1511 0 33 303 9999
1512 2 3 303 9999
1513 38 0 303 9999
1514 5 42 303 9999
1515 5 21 304 9999
1516 35 41 304 9999
1517 11 45 304 9999
1518 38 39 304 9999
1519 33 23 304 9999
1520 36 7 305 9999
1521 8 26 305 9999
1522 2 15 305 9999
1523 41 0 305 9999
1524 20 40 305 9999
1525 8 22 306 9999
1526 38 8 306 9999
1527 7 40 306 9999
1528 11 45 306 9999
1529 40 18 306 9999
1530 40 47 307 9999
1531 41 25 307 9999
1532 41 3 307 9999
1533 23 29 307 9999
1534 44 8 307 9999
1535 2 33 308 9999
1536 16 10 308 9999
1537 9 20 308 9999
1538 27 0 308 9999
1539 22 0 308 9999
1540 40 30 309 9999
1541 24 30 309 9999
1542 38 31 309 9999
1543 21 49 309 9999
1544 29 13 309 9999
1545 19 11 310 9999
1546 12 46 310 9999
1547 4 17 310 9999
1548 19 33 310 9999
1549 12 28 310 9999
1550 37 45 311 9999
1551 46 0 311 9999
1552 4 16 311 9999
1553 29 6 311 9999
1554 38 29 311 9999
1555 46 18 312 9999
1556 5 29 312 9999
1557 8 37 312 9999
1558 0 7 312 9999
1559 18 15 312 9999
1560 28 37 313 9999
1561 28 40 313 9999
1562 35 32 313 9999
1563 8 5 313 9999
1564 17 22 313 9999
1565 35 7 314 9999
1566 19 31 314 9999
1567 7 23 314 9999
1568 49 36 314 9999
1569 29 39 314 9999
1570 18 27 315 9999
1571 7 23 315 9999
1572 6 15 315 9999
1573 12 8 315 9999
1574 24 30 315 9999
1575 26 4 316 9999
1576 19 6 316 9999
1577 46 5 316 9999
1578 39 6 316 9999
1579 12 8 316 9999
1580 28 47 317 9999
1581 15 47 317 9999
1582 30 22 317 9999
1583 22 29 317 9999
1584 11 3 317 9999
1585 18 31 318 9999
1586 33 27 318 9999
1587 6 41 318 9999
1588 44 19 318 9999
1589 2 20 318 9999
1590 1 28 319 9999
1591 26 23 319 9999
1592 34 22 319 9999
1593 30 25 319 9999
1594 29 44 319 9999
1595 34 9 320 9999
1596 41 49 320 9999
1597 9 23 320 9999
1598 24 31 320 9999
1599 2 35 320 9999
1600 37 22 321 9999
1601 16 20 321 9999
1602 1 24 321 9999
1603 11 45 321 9999
1604 43 15 321 9999
1605 17 47 322 9999
1606 43 22 322 9999
1607 30 17 322 9999
1608 4 7 322 9999
1609 46 48 322 9999
1610 41 8 323 9999
1611 39 43 323 9999
1612 17 12 323 9999
1613 17 0 323 9999
1614 16 4 323 9999
1615 37 40 324 9999
1616 22 9 324 9999
1617 41 46 324 9999
1618 23 38 324 9999
1619 42 38 324 9999
1620 5 39 325 9999
1621 32 0 325 9999
1622 13 14 325 9999
1623 17 21 325 9999
1624 16 15 325 9999
1625 15 24 326 9999
1626 6 8 326 9999
1627 41 20 326 9999
1628 25 41 326 9999
1629 38 29 326 9999
1630 31 28 327 9999
1631 1 40 327 9999
1632 19 47 327 9999
1633 13 9 327 9999
1634 41 2 327 9999
1635 16 32 328 9999
1636 36 16 328 9999
1637 45 0 328 9999
1638 35 14 328 9999
1639 23 1 328 9999
1640 29 38 329 9999
1641 27 37 329 9999
1642 46 18 329 9999
1643 7 23 329 9999
1644 12 45 329 9999
1645 4 43 330 9999
1646 25 7 330 9999
1647 35 46 330 9999
1648 5 49 330 9999
1649 5 48 330 9999
1650 3 23 331 9999
1651 31 39 331 9999
1652 39 26 331 9999
1653 41 27 331 9999
1654 41 14 331 9999
1655 30 22 332 9999
1656 5 8 332 9999
1657 10 1 332 9999
1658 26 19 332 9999
1659 27 40 332 9999
1660 15 31 333 9999
1661 33 42 333 9999
1662 39 19 333 9999
1663 39 46 333 9999
1664 20 46 333 9999
1665 44 23 334 9999
1666 20 25 334 9999
1667 14 11 334 9999
1668 4 5 334 9999
1669 38 45 334 9999
1670 21 19 335 9999
1671 19 26 335 9999
1672 27 29 335 9999
1673 30 5 335 9999
1674 49 7 335 9999
1675 46 16 336 9999
1676 38 31 336 9999
1677 8 29 336 9999
1678 2 49 336 9999
1679 25 24 336 9999
1680 46 22 337 9999
1681 47 16 337 9999
1682 47 11 337 9999
1683 27 1 337 9999
1684 18 16 337 9999
1685 48 40 338 9999
1686 37 18 338 9999
1687 16 49 338 9999
1688 46 21 338 9999
1689 48 5 338 9999
1690 19 16 339 9999
1691 46 1 339 9999
1692 27 25 339 9999
1693 5 26 339 9999
1694 3 30 339 9999
1695 22 25 340 9999
1696 29 38 340 9999
1697 22 43 340 9999
1698 18 26 340 9999
1699 11 36 340 9999
1700 26 1 341 9999
1701 23 44 341 9999
1702 20 39 341 9999
1703 46 18 341 9999
1704 12 46 341 9999
1705 24 32 342 9999
1706 13 20 342 9999
1707 35 40 342 9999
1708 47 42 342 9999
1709 18 0 342 9999
1710 22 43 343 9999
1711 25 4 343 9999
1712 33 0 343 9999
1713 47 1 343 9999
1714 28 8 343 9999
1715 37 4 344 9999
1716 12 1 344 9999
1717 32 1 344 9999
1718 47 2 344 9999
1719 16 43 344 9999
1720 26 0 345 9999
1721 8 48 345 9999
1722 37 0 345 9999
1723 48 29 345 9999
1724 19 48 345 9999
1725 4 12 346 9999
1726 26 8 346 9999
1727 47 28 346 9999
1728 5 49 346 9999
1729 8 13 346 9999
1730 36 14 347 9999
1731 27 1 347 9999
1732 15 9 347 9999
1733 4 14 347 9999
1734 12 20 347 9999
1735 10 40 348 9999
1736 20 18 348 9999
1737 41 7 348 9999
1738 21 39 348 9999
1739 39 40 348 9999
1740 39 43 349 9999
1741 4 17 349 9999
1742 3 1 349 9999
1743 47 8 349 9999
1744 2 5 349 9999
1745 23 41 350 9999
1746 22 1 350 9999
1747 42 39 350 9999
1748 12 46 350 9999
1749 4 26 350 9999
1750 19 16 351 9999
1751 19 39 351 9999
1752 34 10 351 9999
1753 49 5 351 9999
1754 1 40 351 9999
1755 47 42 352 9999
1756 33 3 352 9999
1757 12 38 352 9999
1758 7 11 352 9999
1759 46 11 352 9999
1760 19 21 353 9999
1761 2 41 353 9999
1762 24 46 353 9999
1763 30 37 353 9999
1764 43 36 353 9999
1765 15 12 354 9999
1766 2 34 354 9999
1767 3 39 354 9999
1768 46 4 354 9999
1769 46 47 354 9999
1770 44 46 355 9999
1771 42 29 355 9999
1772 49 6 355 9999
1773 17 8 355 9999
1774 17 15 355 9999
1775 22 36 356 9999
1776 37 24 356 9999
1777 27 11 356 9999
1778 21 8 356 9999
1779 0 16 356 9999
1780 46 16 357 9999
1781 30 49 357 9999
1782 0 35 357 9999
1783 38 47 357 9999
1784 40 34 357 9999
1785 46 36 358 9999
1786 30 40 358 9999
1787 16 32 358 9999
1788 46 35 358 9999
1789 42 14 358 9999
1790 1 14 359 9999
1791 2 40 359 9999
1792 41 30 359 9999
1793 3 14 359 9999
1794 40 4 359 9999
1795 30 36 360 9999
1796 22 12 360 9999
1797 37 22 360 9999
1798 47 25 360 9999
1799 21 39 360 9999
1800 10 20 361 9999
1801 26 42 361 9999
1802 10 42 361 9999
1803 24 9 361 9999
1804 29 19 361 9999
1805 25 30 362 9999
1806 33 27 362 9999
1807 20 24 362 9999
1808 9 24 362 9999
1809 38 49 362 9999
1810 30 20 363 9999
1811 38 2 363 9999
1812 32 25 363 9999
1813 26 32 363 9999
1814 1 48 363 9999
1815 21 13 364 9999
1816 20 47 364 9999
1817 7 32 364 9999
1818 41 34 364 9999
1819 41 21 364 9999
1820 3 16 365 9999
1821 3 38 365 9999
1822 46 26 365 9999
1823 13 5 365 9999
1824 2 3 365 9999
1825 7 32 366 9999
1826 26 45 366 9999
1827 36 8 366 9999
1828 20 12 366 9999
1829 42 23 366 9999
1830 12 14 367 9999
1831 38 32 367 9999
1832 13 48 367 9999
1833 15 7 367 9999
1834 32 8 367 9999
1835 28 37 368 9999
1836 27 33 368 9999
1837 25 23 368 9999
1838 9 40 368 9999
1839 28 11 368 9999
1840 46 35 369 9999
1841 45 22 369 9999
1842 32 31 369 9999
1843 32 5 369 9999
1844 46 25 369 9999
1845 28 8 370 9999
1846 39 19 370 9999
1847 43 4 370 9999
1848 17 10 370 9999
1849 11 1 370 9999
1850 20 41 371 9999
1851 38 47 371 9999
1852 25 13 371 9999
1853 20 36 371 9999
1854 6 1 371 9999
1855 48 2 372 9999
1856 38 45 372 9999
1857 24 23 372 9999
1858 29 6 372 9999
1859 28 25 372 9999
1860 31 8 373 9999
1861 35 22 373 9999
1862 29 30 373 9999
1863 27 46 373 9999
1864 40 47 373 9999
1865 13 32 374 9999
1866 37 10 374 9999
1867 7 1 374 9999
1868 33 43 374 9999
1869 7 36 374 9999
1870 43 9 375 9999
1871 26 39 375 9999
1872 35 49 375 9999
1873 18 41 375 9999
1874 27 45 375 9999
1875 23 38 376 9999
1876 30 47 376 9999
1877 17 13 376 9999
1878 24 16 376 9999
1879 5 15 376 9999
1880 15 18 377 9999
1881 49 3 377 9999
1882 29 6 377 9999
1883 6 14 377 9999
1884 1 15 377 9999
1885 0 47 378 9999
1886 26 38 378 9999
1887 11 26 378 9999
1888 8 2 378 9999
1889 5 3 378 9999
1890 27 43 379 9999
1891 35 25 379 9999
1892 11 48 379 9999
1893 1 27 379 9999
1894 6 18 379 9999
1895 42 24 380 9999
1896 17 47 380 9999
1897 3 23 380 9999
1898 3 17 380 9999
1899 27 18 380 9999
1900 19 26 381 9999
1901 44 46 381 9999
1902 14 5 381 9999
1903 24 22 381 9999
1904 10 29 381 9999
1905 27 37 382 9999
1906 25 14 382 9999
1907 14 36 382 9999
1908 15 16 382 9999
1909 15 21 382 9999
1910 34 9 383 9999
1911 45 2 383 9999
1912 7 1 383 9999
1913 27 10 383 9999
1914 20 6 383 9999
1915 31 40 384 9999
1916 32 25 384 9999
1917 38 46 384 9999
1918 33 12 384 9999
1919 20 43 384 9999
1920 41 49 385 9999
1921 32 16 385 9999
1922 16 47 385 9999
1923 4 31 385 9999
1924 13 21 385 9999
1925 4 49 386 9999
1926 31 1 386 9999
1927 1 40 386 9999
1928 2 31 386 9999
1929 2 25 386 9999
1930 37 33 387 9999
1931 15 20 387 9999
1932 11 5 387 9999
1933 18 46 387 9999
1934 17 41 387 9999
1935 39 10 388 9999
1936 42 23 388 9999
1937 29 8 388 9999
1938 20 33 388 9999
1939 41 35 388 9999
1940 7 47 389 9999
1941 37 40 389 9999
1942 49 38 389 9999
1943 30 3 389 9999
1944 21 34 389 9999
1945 28 9 390 9999
1946 20 45 390 9999
1947 31 33 390 9999
1948 0 1 390 9999
1949 29 19 390 9999
1950 42 20 391 9999
1951 30 37 391 9999
1952 43 9 391 9999
1953 47 16 391 9999
1954 44 39 391 9999
1955 3 38 392 9999
1956 40 43 392 9999
1957 37 31 392 9999
1958 25 41 392 9999
1959 2 12 392 9999
1960 21 13 393 9999
1961 32 17 393 9999
1962 44 15 393 9999
1963 19 46 393 9999
1964 44 39 393 9999
1965 40 14 394 9999
1966 21 27 394 9999
1967 9 30 394 9999
1968 25 26 394 9999
1969 16 31 394 9999
1970 30 4 395 9999
1971 21 25 395 9999
1972 42 4 395 9999
1973 3 35 395 9999
1974 7 15 395 9999
1975 6 22 396 9999
1976 47 25 396 9999
1977 17 14 396 9999
1978 45 13 396 9999
1979 8 36 396 9999
1980 3 24 397 9999
1981 7 31 397 9999
1982 33 39 397 9999
1983 8 11 397 9999
1984 17 24 397 9999
1985 42 49 398 9999
1986 28 15 398 9999
1987 25 22 398 9999
1988 22 30 398 9999
1989 7 31 398 9999
1990 45 16 399 9999
1991 3 42 399 9999
1992 41 20 399 9999
1993 8 38 399 9999
1994 35 16 399 9999
1995 24 39 400 9999
1996 42 33 400 9999
1997 22 27 400 9999
1998 22 32 400 9999
1999 38 42 400 9999
