0 133 136 1 9999
1 27 115 1 9999
2 143 85 1 9999
3 136 42 1 9999
4 99 121 1 9999
5 62 127 1 9999
6 140 109 2 9999
7 113 76 2 9999
8 90 126 2 9999
9 22 136 2 9999
10 11 68 2 9999
11 117 129 2 9999
12 32 80 3 9999
13 62 73 3 9999
14 67 85 3 9999
15 29 102 3 9999
16 72 108 3 9999
17 119 117 3 9999
18 43 106 4 9999
19 61 142 4 9999
20 129 123 4 9999
21 21 119 4 9999
22 134 37 4 9999
23 98 74 4 9999
24 65 120 5 9999
25 113 76 5 9999
26 91 80 5 9999
27 56 123 5 9999
28 62 20 5 9999
29 46 31 5 9999
30 105 75 6 9999
31 134 27 6 9999
32 86 5 6 9999
33 46 129 6 9999
34 13 107 6 9999
35 24 45 6 9999
36 132 45 7 9999
37 14 117 7 9999
38 134 14 7 9999
39 93 50 7 9999
40 37 108 7 9999
41 126 128 7 9999
42 38 84 8 9999
43 3 101 8 9999
44 104 49 8 9999
45 132 60 8 9999
46 26 18 8 9999
47 139 112 8 9999
48 76 36 9 9999
49 144 89 9 9999
50 45 70 9 9999
51 134 28 9 9999
52 17 51 9 9999
53 47 2 9 9999
54 117 42 10 9999
55 52 56 10 9999
56 1 80 10 9999
57 86 91 10 9999
58 15 89 10 9999
59 94 119 10 9999
60 40 129 11 9999
61 81 67 11 9999
62 147 71 11 9999
63 81 125 11 9999
64 9 127 11 9999
65 117 106 11 9999
66 47 3 12 9999
67 36 65 12 9999
68 106 83 12 9999
69 119 74 12 9999
70 28 21 12 9999
71 32 29 12 9999
72 3 119 13 9999
73 120 18 13 9999
74 58 65 13 9999
75 40 99 13 9999
76 96 23 13 9999
77 68 145 13 9999
78 146 51 14 9999
79 121 5 14 9999
80 29 88 14 9999
81 14 128 14 9999
82 91 50 14 9999
83 43 100 14 9999
84 134 64 15 9999
85 24 64 15 9999
86 137 56 15 9999
87 93 141 15 9999
88 77 115 15 9999
89 9 136 15 9999
90 82 101 16 9999
91 137 28 16 9999
92 125 107 16 9999
93 24 121 16 9999
94 8 145 16 9999
95 29 37 16 9999
96 135 43 17 9999
97 68 128 17 9999
98 93 111 17 9999
99 78 129 17 9999
100 26 4 17 9999
101 43 13 17 9999
102 113 38 18 9999
103 56 40 18 9999
104 4 118 18 9999
105 78 138 18 9999
106 69 117 18 9999
107 17 96 18 9999
108 74 93 19 9999
109 120 83 19 9999
110 140 149 19 9999
111 22 125 19 9999
112 94 90 19 9999
113 5 89 19 9999
114 104 136 20 9999
115 69 32 20 9999
116 42 14 20 9999
117 97 57 20 9999
118 105 4 20 9999
119 98 11 20 9999
120 122 78 21 9999
121 149 93 21 9999
122 46 68 21 9999
123 40 22 21 9999
124 11 10 21 9999
125 105 1 21 9999
126 61 30 22 9999
127 28 5 22 9999
128 120 86 22 9999
129 94 126 22 9999
130 72 65 22 9999
131 8 16 22 9999
132 132 8 23 9999
133 74 87 23 9999
134 12 74 23 9999
135 0 36 23 9999
136 2 149 23 9999
137 129 100 23 9999
138 68 71 24 9999
139 123 131 24 9999
140 81 130 24 9999
141 133 44 24 9999
142 10 63 24 9999
143 49 131 24 9999
144 149 46 25 9999
145 9 123 25 9999
146 13 18 25 9999
147 140 145 25 9999
148 26 116 25 9999
149 134 90 25 9999
150 40 134 26 9999
151 126 42 26 9999
152 36 7 26 9999
153 45 6 26 9999
154 79 18 26 9999
155 137 62 26 9999
156 148 22 27 9999
157 9 86 27 9999
158 110 42 27 9999
159 137 6 27 9999
160 51 13 27 9999
161 72 121 27 9999
162 55 119 28 9999
163 49 21 28 9999
164 104 139 28 9999
165 61 140 28 9999
166 17 5 28 9999
167 78 77 28 9999
168 50 84 29 9999
169 58 120 29 9999
170 124 22 29 9999
171 119 146 29 9999
172 31 30 29 9999
173 134 142 29 9999
174 72 122 30 9999
175 50 25 30 9999
176 135 122 30 9999
177 49 40 30 9999
178 92 98 30 9999
179 113 98 30 9999
180 140 24 31 9999
181 140 59 31 9999
182 81 69 31 9999
183 136 132 31 9999
184 55 44 31 9999
185 4 29 31 9999
186 119 123 32 9999
187 26 0 32 9999
188 55 10 32 9999
189 142 29 32 9999
190 34 43 32 9999
191 55 71 32 9999
192 67 104 33 9999
193 13 61 33 9999
194 104 126 33 9999
195 9 94 33 9999
196 52 56 33 9999
197 134 121 33 9999
198 42 18 34 9999
199 78 139 34 9999
200 22 108 34 9999
201 108 48 34 9999
202 36 108 34 9999
203 103 98 34 9999
204 3 133 35 9999
205 133 98 35 9999
206 90 54 35 9999
207 67 96 35 9999
208 68 129 35 9999
209 50 96 35 9999
210 138 47 36 9999
211 149 40 36 9999
212 103 133 36 9999
213 63 47 36 9999
214 53 142 36 9999
215 36 75 36 9999
216 2 46 37 9999
217 25 38 37 9999
218 57 129 37 9999
219 136 60 37 9999
220 14 21 37 9999
221 60 104 37 9999
222 128 127 38 9999
223 50 98 38 9999
224 106 2 38 9999
225 44 147 38 9999
226 49 43 38 9999
227 89 2 38 9999
228 78 3 39 9999
229 50 131 39 9999
230 47 138 39 9999
231 109 101 39 9999
232 35 134 39 9999
233 139 92 39 9999
234 15 27 40 9999
235 54 29 40 9999
236 49 114 40 9999
237 35 79 40 9999
238 143 85 40 9999
239 27 100 40 9999
240 88 71 41 9999
241 149 39 41 9999
242 17 88 41 9999
243 42 95 41 9999
244 143 144 41 9999
245 129 40 41 9999
246 132 140 42 9999
247 141 69 42 9999
248 26 32 42 9999
249 11 42 42 9999
250 60 117 42 9999
251 123 11 42 9999
252 81 9 43 9999
253 90 75 43 9999
254 146 117 43 9999
255 77 84 43 9999
256 90 76 43 9999
257 124 107 43 9999
258 14 68 44 9999
259 105 8 44 9999
260 62 136 44 9999
261 100 96 44 9999
262 126 144 44 9999
263 16 2 44 9999
264 78 79 45 9999
265 96 40 45 9999
266 47 70 45 9999
267 51 30 45 9999
268 131 43 45 9999
269 7 127 45 9999
270 62 136 46 9999
271 114 55 46 9999
272 62 140 46 9999
273 12 129 46 9999
274 110 19 46 9999
275 39 74 46 9999
276 5 41 47 9999
277 20 33 47 9999
278 87 88 47 9999
279 88 16 47 9999
280 70 34 47 9999
281 56 117 47 9999
282 6 10 48 9999
283 49 137 48 9999
284 105 109 48 9999
285 17 18 48 9999
286 95 33 48 9999
287 73 8 48 9999
288 23 137 49 9999
289 39 133 49 9999
290 7 78 49 9999
291 57 64 49 9999
292 21 129 49 9999
293 0 109 49 9999
294 68 88 50 9999
295 125 138 50 9999
296 24 83 50 9999
297 7 31 50 9999
298 93 108 50 9999
299 70 49 50 9999
300 67 139 51 9999
301 119 13 51 9999
302 22 94 51 9999
303 73 97 51 9999
304 81 112 51 9999
305 132 140 51 9999
306 92 91 52 9999
307 107 15 52 9999
308 71 107 52 9999
309 124 41 52 9999
310 97 1 52 9999
311 81 121 52 9999
312 137 140 53 9999
313 54 80 53 9999
314 98 125 53 9999
315 31 16 53 9999
316 16 52 53 9999
317 81 39 53 9999
318 146 4 54 9999
319 38 130 54 9999
320 18 21 54 9999
321 120 12 54 9999
322 112 129 54 9999
323 27 85 54 9999
324 86 54 55 9999
325 126 33 55 9999
326 107 109 55 9999
327 57 94 55 9999
328 99 111 55 9999
329 77 100 55 9999
330 86 10 56 9999
331 18 5 56 9999
332 63 99 56 9999
333 44 111 56 9999
334 5 134 56 9999
335 91 75 56 9999
336 5 114 57 9999
337 139 118 57 9999
338 93 68 57 9999
339 105 82 57 9999
340 122 82 57 9999
341 17 80 57 9999
342 93 74 58 9999
343 76 43 58 9999
344 36 3 58 9999
345 143 24 58 9999
346 14 63 58 9999
347 29 77 58 9999
348 12 125 59 9999
349 38 69 59 9999
350 110 32 59 9999
351 144 17 59 9999
352 146 35 59 9999
353 37 141 59 9999
354 103 143 60 9999
355 73 128 60 9999
356 75 91 60 9999
357 110 18 60 9999
358 67 36 60 9999
359 113 5 60 9999
360 40 8 61 9999
361 30 54 61 9999
362 71 111 61 9999
363 33 135 61 9999
364 139 123 61 9999
365 54 1 61 9999
366 5 100 62 9999
367 18 53 62 9999
368 135 56 62 9999
369 45 89 62 9999
370 49 20 62 9999
371 67 26 62 9999
372 13 27 63 9999
373 96 81 63 9999
374 115 60 63 9999
375 86 5 63 9999
376 120 18 63 9999
377 111 42 63 9999
378 32 46 64 9999
379 79 21 64 9999
380 20 134 64 9999
381 22 77 64 9999
382 84 40 64 9999
383 33 122 64 9999
384 148 130 65 9999
385 113 47 65 9999
386 0 30 65 9999
387 73 14 65 9999
388 109 72 65 9999
389 147 74 65 9999
390 132 135 66 9999
391 132 4 66 9999
392 4 93 66 9999
393 98 36 66 9999
394 140 28 66 9999
395 109 62 66 9999
396 12 33 67 9999
397 41 148 67 9999
398 73 74 67 9999
399 22 72 67 9999
400 54 135 67 9999
401 21 107 67 9999
402 15 147 68 9999
403 121 26 68 9999
404 69 118 68 9999
405 101 103 68 9999
406 103 83 68 9999
407 107 9 68 9999
408 78 56 69 9999
409 97 120 69 9999
410 84 108 69 9999
411 84 148 69 9999
412 141 126 69 9999
413 48 65 69 9999
414 102 71 70 9999
415 39 59 70 9999
416 56 60 70 9999
417 16 124 70 9999
418 109 39 70 9999
419 0 28 70 9999
420 59 3 71 9999
421 131 64 71 9999
422 138 89 71 9999
423 126 67 71 9999
424 47 73 71 9999
425 37 131 71 9999
426 32 122 72 9999
427 31 75 72 9999
428 0 79 72 9999
429 140 4 72 9999
430 0 81 72 9999
431 63 57 72 9999
432 44 131 73 9999
433 31 3 73 9999
434 20 83 73 9999
435 32 131 73 9999
436 87 65 73 9999
437 46 75 73 9999
438 4 22 74 9999
439 142 51 74 9999
440 147 82 74 9999
441 84 81 74 9999
442 106 115 74 9999
443 7 8 74 9999
444 45 49 75 9999
445 12 97 75 9999
446 33 76 75 9999
447 4 77 75 9999
448 109 87 75 9999
449 132 32 75 9999
450 21 66 76 9999
451 13 10 76 9999
452 132 111 76 9999
453 85 136 76 9999
454 35 130 76 9999
455 90 33 76 9999
456 114 76 77 9999
457 16 70 77 9999
458 42 75 77 9999
459 78 139 77 9999
460 125 90 77 9999
461 86 60 77 9999
462 68 143 78 9999
463 137 28 78 9999
464 132 21 78 9999
465 60 55 78 9999
466 88 125 78 9999
467 65 70 78 9999
468 87 53 79 9999
469 108 122 79 9999
470 33 100 79 9999
471 57 147 79 9999
472 27 126 79 9999
473 119 121 79 9999
474 51 99 80 9999
475 110 78 80 9999
476 39 98 80 9999
477 138 10 80 9999
478 143 27 80 9999
479 90 126 80 9999
480 49 52 81 9999
481 31 137 81 9999
482 27 149 81 9999
483 57 16 81 9999
484 52 67 81 9999
485 41 85 81 9999
486 18 98 82 9999
487 134 45 82 9999
488 126 5 82 9999
489 16 28 82 9999
490 104 28 82 9999
491 8 143 82 9999
492 28 147 83 9999
493 55 22 83 9999
494 24 145 83 9999
495 50 125 83 9999
496 47 133 83 9999
497 112 127 83 9999
498 132 71 84 9999
499 143 34 84 9999
500 139 34 84 9999
501 21 59 84 9999
502 35 57 84 9999
503 104 11 84 9999
504 62 22 85 9999
505 91 16 85 9999
506 102 100 85 9999
507 62 32 85 9999
508 149 117 85 9999
509 54 23 85 9999
510 15 6 86 9999
511 51 114 86 9999
512 140 13 86 9999
513 91 122 86 9999
514 137 59 86 9999
515 28 21 86 9999
516 80 87 87 9999
517 56 40 87 9999
518 41 120 87 9999
519 102 115 87 9999
520 61 119 87 9999
521 67 11 87 9999
522 83 1 88 9999
523 62 50 88 9999
524 56 138 88 9999
525 117 114 88 9999
526 39 82 88 9999
527 104 75 88 9999
528 129 91 89 9999
529 62 38 89 9999
530 119 136 89 9999
531 20 56 89 9999
532 94 60 89 9999
533 149 64 89 9999
534 65 114 90 9999
535 126 86 90 9999
536 83 39 90 9999
537 19 85 90 9999
538 102 121 90 9999
539 43 90 90 9999
540 89 59 91 9999
541 31 73 91 9999
542 14 135 91 9999
543 148 45 91 9999
544 77 113 91 9999
545 83 98 91 9999
546 99 5 92 9999
547 5 43 92 9999
548 118 56 92 9999
549 10 33 92 9999
550 73 136 92 9999
551 21 58 92 9999
552 77 40 93 9999
553 45 81 93 9999
554 11 140 93 9999
555 73 100 93 9999
556 50 104 93 9999
557 75 64 93 9999
558 142 74 94 9999
559 109 69 94 9999
560 89 94 94 9999
561 69 38 94 9999
562 1 126 94 9999
563 133 119 94 9999
564 33 143 95 9999
565 54 106 95 9999
566 31 75 95 9999
567 66 11 95 9999
568 17 112 95 9999
569 92 29 95 9999
570 102 68 96 9999
571 31 2 96 9999
572 74 107 96 9999
573 118 66 96 9999
574 83 77 96 9999
575 37 22 96 9999
576 73 107 97 9999
577 112 75 97 9999
578 83 147 97 9999
579 96 18 97 9999
580 141 53 97 9999
581 26 74 97 9999
582 30 93 98 9999
583 85 48 98 9999
584 55 80 98 9999
585 129 59 98 9999
586 148 10 98 9999
587 62 124 98 9999
588 19 30 99 9999
589 41 102 99 9999
590 10 130 99 9999
591 26 83 99 9999
592 139 40 99 9999
593 8 73 99 9999
594 38 7 100 9999
595 143 81 100 9999
596 60 20 100 9999
597 5 90 100 9999
598 113 91 100 9999
599 138 70 100 9999
600 21 117 101 9999
601 129 71 101 9999
602 30 93 101 9999
603 45 49 101 9999
604 124 138 101 9999
605 54 36 101 9999
606 119 132 102 9999
607 119 10 102 9999
608 23 30 102 9999
609 83 113 102 9999
610 37 129 102 9999
611 44 149 102 9999
612 149 101 103 9999
613 89 14 103 9999
614 42 130 103 9999
615 136 115 103 9999
616 149 115 103 9999
617 36 81 103 9999
618 111 134 104 9999
619 33 137 104 9999
620 122 87 104 9999
621 23 143 104 9999
622 69 142 104 9999
623 4 144 104 9999
624 74 139 105 9999
625 9 13 105 9999
626 118 53 105 9999
627 12 19 105 9999
628 5 4 105 9999
629 33 99 105 9999
630 134 19 106 9999
631 65 35 106 9999
632 37 3 106 9999
633 19 50 106 9999
634 137 52 106 9999
635 37 12 106 9999
636 139 60 107 9999
637 5 110 107 9999
638 104 61 107 9999
639 7 29 107 9999
640 103 16 107 9999
641 42 71 107 9999
642 122 55 108 9999
643 143 29 108 9999
644 111 78 108 9999
645 128 147 108 9999
646 0 95 108 9999
647 32 37 108 9999
648 99 51 109 9999
649 139 86 109 9999
650 103 26 109 9999
651 98 144 109 9999
652 86 6 109 9999
653 7 92 109 9999
654 67 14 110 9999
655 121 20 110 9999
656 30 66 110 9999
657 144 54 110 9999
658 23 137 110 9999
659 83 134 110 9999
660 117 62 111 9999
661 131 117 111 9999
662 59 65 111 9999
663 56 8 111 9999
664 19 45 111 9999
665 95 122 111 9999
666 71 95 112 9999
667 19 59 112 9999
668 101 26 112 9999
669 2 71 112 9999
670 40 25 112 9999
671 143 122 112 9999
672 91 39 113 9999
673 27 16 113 9999
674 78 12 113 9999
675 0 46 113 9999
676 74 33 113 9999
677 13 36 113 9999
678 99 70 114 9999
679 44 118 114 9999
680 115 41 114 9999
681 142 89 114 9999
682 137 63 114 9999
683 148 140 114 9999
684 89 52 115 9999
685 113 31 115 9999
686 78 107 115 9999
687 4 71 115 9999
688 146 83 115 9999
689 88 75 115 9999
690 95 140 116 9999
691 121 72 116 9999
692 76 134 116 9999
693 108 25 116 9999
694 106 2 116 9999
695 45 72 116 9999
696 96 89 117 9999
697 11 83 117 9999
698 3 61 117 9999
699 125 92 117 9999
700 16 89 117 9999
701 124 94 117 9999
702 46 30 118 9999
703 67 94 118 9999
704 113 57 118 9999
705 19 110 118 9999
706 100 42 118 9999
707 32 26 118 9999
708 79 140 119 9999
709 103 35 119 9999
710 45 148 119 9999
711 107 141 119 9999
712 87 20 119 9999
713 126 90 119 9999
714 134 101 120 9999
715 33 0 120 9999
716 92 59 120 9999
717 146 40 120 9999
718 89 63 120 9999
719 135 104 120 9999
720 23 56 121 9999
721 64 123 121 9999
722 1 149 121 9999
723 51 80 121 9999
724 139 4 121 9999
725 115 86 121 9999
726 2 125 122 9999
727 129 141 122 9999
728 47 7 122 9999
729 134 31 122 9999
730 11 69 122 9999
731 31 103 122 9999
732 128 27 123 9999
733 144 119 123 9999
734 143 31 123 9999
735 73 68 123 9999
736 87 39 123 9999
737 93 88 123 9999
738 38 144 124 9999
739 70 80 124 9999
740 148 36 124 9999
741 68 52 124 9999
742 63 48 124 9999
743 95 110 124 9999
744 55 79 125 9999
745 142 66 125 9999
746 148 75 125 9999
747 72 28 125 9999
748 103 66 125 9999
749 147 148 125 9999
750 97 122 126 9999
751 66 86 126 9999
752 12 9 126 9999
753 77 50 126 9999
754 3 147 126 9999
755 32 53 126 9999
756 85 101 127 9999
757 7 148 127 9999
758 149 4 127 9999
759 11 106 127 9999
760 84 3 127 9999
761 75 134 127 9999
762 78 147 128 9999
763 13 83 128 9999
764 115 10 128 9999
765 81 114 128 9999
766 35 147 128 9999
767 50 47 128 9999
768 58 29 129 9999
769 149 113 129 9999
770 79 84 129 9999
771 16 14 129 9999
772 35 75 129 9999
773 65 86 129 9999
774 80 76 130 9999
775 42 66 130 9999
776 79 19 130 9999
777 102 59 130 9999
778 16 115 130 9999
779 45 33 130 9999
780 28 126 131 9999
781 147 63 131 9999
782 26 100 131 9999
783 12 136 131 9999
784 129 63 131 9999
785 100 58 131 9999
786 147 116 132 9999
787 125 32 132 9999
788 94 40 132 9999
789 20 76 132 9999
790 18 115 132 9999
791 44 149 132 9999
792 134 146 133 9999
793 58 53 133 9999
794 112 103 133 9999
795 86 42 133 9999
796 132 84 133 9999
797 7 60 133 9999
798 34 19 134 9999
799 46 65 134 9999
800 134 146 134 9999
801 124 132 134 9999
802 15 1 134 9999
803 66 11 134 9999
804 93 87 135 9999
805 87 111 135 9999
806 52 131 135 9999
807 110 88 135 9999
808 29 70 135 9999
809 141 43 135 9999
810 24 78 136 9999
811 85 58 136 9999
812 12 92 136 9999
813 20 46 136 9999
814 13 66 136 9999
815 111 50 136 9999
816 115 137 137 9999
817 84 32 137 9999
818 40 0 137 9999
819 43 133 137 9999
820 139 130 137 9999
821 94 93 137 9999
822 13 54 138 9999
823 32 94 138 9999
824 125 23 138 9999
825 138 51 138 9999
826 101 73 138 9999
827 11 15 138 9999
828 68 31 139 9999
829 113 133 139 9999
830 149 127 139 9999
831 85 114 139 9999
832 114 19 139 9999
833 146 57 139 9999
834 72 91 140 9999
835 40 61 140 9999
836 123 37 140 9999
837 57 136 140 9999
838 143 89 140 9999
839 81 20 140 9999
840 14 121 141 9999
841 71 18 141 9999
842 96 134 141 9999
843 33 14 141 9999
844 67 147 141 9999
845 50 67 141 9999
846 124 135 142 9999
847 83 140 142 9999
848 57 132 142 9999
849 99 129 142 9999
850 73 140 142 9999
851 92 47 142 9999
852 79 149 143 9999
853 85 72 143 9999
854 140 68 143 9999
855 93 5 143 9999
856 39 66 143 9999
857 75 136 143 9999
858 103 10 144 9999
859 52 20 144 9999
860 7 4 144 9999
861 87 33 144 9999
862 140 21 144 9999
863 76 47 144 9999
864 55 77 145 9999
865 78 128 145 9999
866 119 20 145 9999
867 77 48 145 9999
868 20 13 145 9999
869 121 10 145 9999
870 133 116 146 9999
871 67 23 146 9999
872 32 142 146 9999
873 61 135 146 9999
874 3 113 146 9999
875 58 62 146 9999
876 118 145 147 9999
877 148 10 147 9999
878 68 126 147 9999
879 109 123 147 9999
880 53 37 147 9999
881 4 23 147 9999
882 57 81 148 9999
883 123 129 148 9999
884 146 94 148 9999
885 42 130 148 9999
886 112 109 148 9999
887 55 47 148 9999
888 4 116 149 9999
889 84 59 149 9999
890 131 142 149 9999
891 23 1 149 9999
892 138 21 149 9999
893 63 108 149 9999
894 49 22 150 9999
895 134 5 150 9999
896 111 40 150 9999
897 80 71 150 9999
898 23 53 150 9999
899 50 20 150 9999
900 50 92 151 9999
901 52 12 151 9999
902 104 107 151 9999
903 59 108 151 9999
904 125 144 151 9999
905 17 8 151 9999
906 136 40 152 9999
907 10 26 152 9999
908 114 73 152 9999
909 37 65 152 9999
910 148 21 152 9999
911 70 109 152 9999
912 113 0 153 9999
913 82 136 153 9999
914 54 133 153 9999
915 58 6 153 9999
916 127 110 153 9999
917 18 81 153 9999
918 119 78 154 9999
919 91 146 154 9999
920 124 108 154 9999
921 5 110 154 9999
922 51 15 154 9999
923 39 67 154 9999
924 140 76 155 9999
925 132 138 155 9999
926 149 105 155 9999
927 0 112 155 9999
928 7 82 155 9999
929 98 61 155 9999
930 117 7 156 9999
931 119 147 156 9999
932 19 138 156 9999
933 78 139 156 9999
934 118 20 156 9999
935 135 92 156 9999
936 30 42 157 9999
937 104 133 157 9999
938 57 143 157 9999
939 50 100 157 9999
940 121 85 157 9999
941 88 120 157 9999
942 40 140 158 9999
943 134 47 158 9999
944 125 83 158 9999
945 11 144 158 9999
946 142 130 158 9999
947 141 63 158 9999
948 20 70 159 9999
949 104 138 159 9999
950 142 80 159 9999
951 22 34 159 9999
952 35 58 159 9999
953 144 80 159 9999
954 108 94 160 9999
955 52 95 160 9999
956 84 22 160 9999
957 37 75 160 9999
958 7 85 160 9999
959 102 142 160 9999
960 148 96 161 9999
961 36 30 161 9999
962 140 99 161 9999
963 51 112 161 9999
964 106 39 161 9999
965 104 98 161 9999
966 22 28 162 9999
967 132 57 162 9999
968 138 126 162 9999
969 137 97 162 9999
970 70 39 162 9999
971 94 5 162 9999
972 114 132 163 9999
973 132 23 163 9999
974 119 136 163 9999
975 15 117 163 9999
976 134 103 163 9999
977 49 124 163 9999
978 104 100 164 9999
979 86 60 164 9999
980 42 92 164 9999
981 8 64 164 9999
982 23 141 164 9999
983 121 11 164 9999
984 19 10 165 9999
985 10 90 165 9999
986 102 105 165 9999
987 147 66 165 9999
988 139 31 165 9999
989 89 108 165 9999
990 17 6 166 9999
991 75 1 166 9999
992 11 124 166 9999
993 28 115 166 9999
994 127 16 166 9999
995 26 19 166 9999
996 11 34 167 9999
997 83 86 167 9999
998 77 106 167 9999
999 149 97 167 9999
1000 116 10 167 9999
1001 89 120 167 9999
1002 17 86 168 9999
1003 36 58 168 9999
1004 117 27 168 9999
1005 16 36 168 9999
1006 85 143 168 9999
1007 37 96 168 9999
1008 19 117 169 9999
1009 62 146 169 9999
1010 134 140 169 9999
1011 67 145 169 9999
1012 24 0 169 9999
1013 81 102 169 9999
1014 8 80 170 9999
1015 101 125 170 9999
1016 142 40 170 9999
1017 147 61 170 9999
1018 126 34 170 9999
1019 119 145 170 9999
1020 113 135 171 9999
1021 31 101 171 9999
1022 30 120 171 9999
1023 47 50 171 9999
1024 88 11 171 9999
1025 46 124 171 9999
1026 1 114 172 9999
1027 119 78 172 9999
1028 16 102 172 9999
1029 82 25 172 9999
1030 32 33 172 9999
1031 52 77 172 9999
1032 73 49 173 9999
1033 40 101 173 9999
1034 135 10 173 9999
1035 96 99 173 9999
1036 47 29 173 9999
1037 102 78 173 9999
1038 149 128 174 9999
1039 139 63 174 9999
1040 76 113 174 9999
1041 116 40 174 9999
1042 134 44 174 9999
1043 109 86 174 9999
1044 126 134 175 9999
1045 21 9 175 9999
1046 88 0 175 9999
1047 134 39 175 9999
1048 40 85 175 9999
1049 25 50 175 9999
1050 31 26 176 9999
1051 0 112 176 9999
1052 128 78 176 9999
1053 14 29 176 9999
1054 108 3 176 9999
1055 144 34 176 9999
1056 19 111 177 9999
1057 127 55 177 9999
1058 57 86 177 9999
1059 142 34 177 9999
1060 122 65 177 9999
1061 95 60 177 9999
1062 65 132 178 9999
1063 99 7 178 9999
1064 67 26 178 9999
1065 58 1 178 9999
1066 52 110 178 9999
1067 113 82 178 9999
1068 38 127 179 9999
1069 14 146 179 9999
1070 33 8 179 9999
1071 30 104 179 9999
1072 119 7 179 9999
1073 9 27 179 9999
1074 145 1 180 9999
1075 113 117 180 9999
1076 118 110 180 9999
1077 79 85 180 9999
1078 92 81 180 9999
1079 93 62 180 9999
1080 107 53 181 9999
1081 63 62 181 9999
1082 13 78 181 9999
1083 46 51 181 9999
1084 56 60 181 9999
1085 99 141 181 9999
1086 69 31 182 9999
1087 95 90 182 9999
1088 39 104 182 9999
1089 19 86 182 9999
1090 8 132 182 9999
1091 54 126 182 9999
1092 145 133 183 9999
1093 114 87 183 9999
1094 64 57 183 9999
1095 51 74 183 9999
1096 110 114 183 9999
1097 38 123 183 9999
1098 43 84 184 9999
1099 76 1 184 9999
1100 145 25 184 9999
1101 44 116 184 9999
1102 56 139 184 9999
1103 56 147 184 9999
1104 145 76 185 9999
1105 84 3 185 9999
1106 110 40 185 9999
1107 32 105 185 9999
1108 23 48 185 9999
1109 95 140 185 9999
1110 105 146 186 9999
1111 116 117 186 9999
1112 13 4 186 9999
1113 90 108 186 9999
1114 140 68 186 9999
1115 11 135 186 9999
1116 93 55 187 9999
1117 101 51 187 9999
1118 44 60 187 9999
1119 101 91 187 9999
1120 38 35 187 9999
1121 147 148 187 9999
1122 75 81 188 9999
1123 6 0 188 9999
1124 129 101 188 9999
1125 42 84 188 9999
1126 149 60 188 9999
1127 51 64 188 9999
1128 64 43 189 9999
1129 22 55 189 9999
1130 111 33 189 9999
1131 92 106 189 9999
1132 140 96 189 9999
1133 59 86 189 9999
1134 58 10 190 9999
1135 28 96 190 9999
1136 97 25 190 9999
1137 94 74 190 9999
1138 106 100 190 9999
1139 75 85 190 9999
1140 103 19 191 9999
1141 71 5 191 9999
1142 80 24 191 9999
1143 69 46 191 9999
1144 67 144 191 9999
1145 3 80 191 9999
1146 79 96 192 9999
1147 36 70 192 9999
1148 94 95 192 9999
1149 58 2 192 9999
1150 8 86 192 9999
1151 98 105 192 9999
1152 13 94 193 9999
1153 30 21 193 9999
1154 97 7 193 9999
1155 8 50 193 9999
1156 78 79 193 9999
1157 107 8 193 9999
1158 103 79 194 9999
1159 107 72 194 9999
1160 125 110 194 9999
1161 2 54 194 9999
1162 108 90 194 9999
1163 26 52 194 9999
1164 36 85 195 9999
1165 106 96 195 9999
1166 73 54 195 9999
1167 51 87 195 9999
1168 51 133 195 9999
1169 10 148 195 9999
1170 42 19 196 9999
1171 100 121 196 9999
1172 0 58 196 9999
1173 31 6 196 9999
1174 137 138 196 9999
1175 78 112 196 9999
1176 1 133 197 9999
1177 68 109 197 9999
1178 73 95 197 9999
1179 64 11 197 9999
1180 82 72 197 9999
1181 107 57 197 9999
1182 29 61 198 9999
1183 144 80 198 9999
1184 44 57 198 9999
1185 78 87 198 9999
1186 76 28 198 9999
1187 110 128 198 9999
1188 86 141 199 9999
1189 134 125 199 9999
1190 32 115 199 9999
1191 139 33 199 9999
1192 98 58 199 9999
1193 44 73 199 9999
1194 55 10 200 9999
1195 85 39 200 9999
1196 83 94 200 9999
1197 96 112 200 9999
1198 5 143 200 9999
1199 42 50 200 9999
1200 50 120 201 9999
1201 39 28 201 9999
1202 50 149 201 9999
1203 6 137 201 9999
1204 42 141 201 9999
1205 14 74 201 9999
1206 8 4 202 9999
1207 9 8 202 9999
1208 114 54 202 9999
1209 81 19 202 9999
1210 116 68 202 9999
1211 110 49 202 9999
1212 13 56 203 9999
1213 63 18 203 9999
1214 49 105 203 9999
1215 120 1 203 9999
1216 127 61 203 9999
1217 29 28 203 9999
1218 112 36 204 9999
1219 67 5 204 9999
1220 79 133 204 9999
1221 79 139 204 9999
1222 137 89 204 9999
1223 147 3 204 9999
1224 45 130 205 9999
1225 74 11 205 9999
1226 49 34 205 9999
1227 61 114 205 9999
1228 143 26 205 9999
1229 34 42 205 9999
1230 132 57 206 9999
1231 96 11 206 9999
1232 118 125 206 9999
1233 91 81 206 9999
1234 63 60 206 9999
1235 86 44 206 9999
1236 44 67 207 9999
1237 85 83 207 9999
1238 58 82 207 9999
1239 87 103 207 9999
1240 115 63 207 9999
1241 17 14 207 9999
1242 98 130 208 9999
1243 30 91 208 9999
1244 6 64 208 9999
1245 35 138 208 9999
1246 23 131 208 9999
1247 52 142 208 9999
1248 9 45 209 9999
1249 125 124 209 9999
1250 106 113 209 9999
1251 71 52 209 9999
1252 30 6 209 9999
1253 135 141 209 9999
1254 89 124 210 9999
1255 94 106 210 9999
1256 38 111 210 9999
1257 120 38 210 9999
1258 91 52 210 9999
1259 129 98 210 9999
1260 18 66 211 9999
1261 138 42 211 9999
1262 100 92 211 9999
1263 34 109 211 9999
1264 138 61 211 9999
1265 135 146 211 9999
1266 24 56 212 9999
1267 48 106 212 9999
1268 63 85 212 9999
1269 97 54 212 9999
1270 112 94 212 9999
1271 10 52 212 9999
1272 107 32 213 9999
1273 90 101 213 9999
1274 136 121 213 9999
1275 49 4 213 9999
1276 89 46 213 9999
1277 39 84 213 9999
1278 132 50 214 9999
1279 72 43 214 9999
1280 36 68 214 9999
1281 119 92 214 9999
1282 18 76 214 9999
1283 57 103 214 9999
1284 75 13 215 9999
1285 65 19 215 9999
1286 75 19 215 9999
1287 127 9 215 9999
1288 109 130 215 9999
1289 145 132 215 9999
1290 81 0 216 9999
1291 72 20 216 9999
1292 46 13 216 9999
1293 6 29 216 9999
1294 64 78 216 9999
1295 124 100 216 9999
1296 48 94 217 9999
1297 94 118 217 9999
1298 72 54 217 9999
1299 72 147 217 9999
1300 67 39 217 9999
1301 69 143 217 9999
1302 59 98 218 9999
1303 54 70 218 9999
1304 78 50 218 9999
1305 105 9 218 9999
1306 50 79 218 9999
1307 81 148 218 9999
1308 92 88 219 9999
1309 27 6 219 9999
1310 68 54 219 9999
1311 8 19 219 9999
1312 148 103 219 9999
1313 137 70 219 9999
1314 7 111 220 9999
1315 119 126 220 9999
1316 53 90 220 9999
1317 21 14 220 9999
1318 38 76 220 9999
1319 136 116 220 9999
1320 126 91 221 9999
1321 27 78 221 9999
1322 72 109 221 9999
1323 76 15 221 9999
1324 99 104 221 9999
1325 73 17 221 9999
1326 8 82 222 9999
1327 88 58 222 9999
1328 87 76 222 9999
1329 30 94 222 9999
1330 89 51 222 9999
1331 122 142 222 9999
1332 142 144 223 9999
1333 6 30 223 9999
1334 122 143 223 9999
1335 49 98 223 9999
1336 136 128 223 9999
1337 26 59 223 9999
1338 87 102 224 9999
1339 126 88 224 9999
1340 108 49 224 9999
1341 8 18 224 9999
1342 131 96 224 9999
1343 128 120 224 9999
1344 74 8 225 9999
1345 64 14 225 9999
1346 112 89 225 9999
1347 6 104 225 9999
1348 135 65 225 9999
1349 134 107 225 9999
1350 110 85 226 9999
1351 107 96 226 9999
1352 64 133 226 9999
1353 5 53 226 9999
1354 137 33 226 9999
1355 142 148 226 9999
1356 83 0 227 9999
1357 68 116 227 9999
1358 96 99 227 9999
1359 87 21 227 9999
1360 9 53 227 9999
1361 87 121 227 9999
1362 142 93 228 9999
1363 75 127 228 9999
1364 60 112 228 9999
1365 136 20 228 9999
1366 47 93 228 9999
1367 117 111 228 9999
1368 128 24 229 9999
1369 67 116 229 9999
1370 58 59 229 9999
1371 16 43 229 9999
1372 59 136 229 9999
1373 9 57 229 9999
1374 85 96 230 9999
1375 130 95 230 9999
1376 52 67 230 9999
1377 66 96 230 9999
1378 63 142 230 9999
1379 74 123 230 9999
1380 6 60 231 9999
1381 144 53 231 9999
1382 56 13 231 9999
1383 67 34 231 9999
1384 89 134 231 9999
1385 52 49 231 9999
1386 43 68 232 9999
1387 92 4 232 9999
1388 55 4 232 9999
1389 113 42 232 9999
1390 2 94 232 9999
1391 137 54 232 9999
1392 11 106 233 9999
1393 1 126 233 9999
1394 98 127 233 9999
1395 100 104 233 9999
1396 89 146 233 9999
1397 59 145 233 9999
1398 61 126 234 9999
1399 30 52 234 9999
1400 12 82 234 9999
1401 102 107 234 9999
1402 53 96 234 9999
1403 111 10 234 9999
1404 100 127 235 9999
1405 52 103 235 9999
1406 71 40 235 9999
1407 7 134 235 9999
1408 48 60 235 9999
1409 111 48 235 9999
1410 37 113 236 9999
1411 54 127 236 9999
1412 11 113 236 9999
1413 24 124 236 9999
1414 142 54 236 9999
1415 26 4 236 9999
1416 39 128 237 9999
1417 14 92 237 9999
1418 75 27 237 9999
1419 102 77 237 9999
1420 4 30 237 9999
1421 75 96 237 9999
1422 90 60 238 9999
1423 144 0 238 9999
1424 73 42 238 9999
1425 90 88 238 9999
1426 96 119 238 9999
1427 99 112 238 9999
1428 143 125 239 9999
1429 104 48 239 9999
1430 1 10 239 9999
1431 87 32 239 9999
1432 24 29 239 9999
1433 9 52 239 9999
1434 33 86 240 9999
1435 56 37 240 9999
1436 117 34 240 9999
1437 36 109 240 9999
1438 146 30 240 9999
1439 109 69 240 9999
1440 125 101 241 9999
1441 7 123 241 9999
1442 70 8 241 9999
1443 85 64 241 9999
1444 133 39 241 9999
1445 14 36 241 9999
1446 102 3 242 9999
1447 68 126 242 9999
1448 32 77 242 9999
1449 80 117 242 9999
1450 66 137 242 9999
1451 4 33 242 9999
1452 21 92 243 9999
1453 44 17 243 9999
1454 25 55 243 9999
1455 138 0 243 9999
1456 7 47 243 9999
1457 123 77 243 9999
1458 107 59 244 9999
1459 43 142 244 9999
1460 0 57 244 9999
1461 28 102 244 9999
1462 60 97 244 9999
1463 131 144 244 9999
1464 76 61 245 9999
1465 111 142 245 9999
1466 48 18 245 9999
1467 77 121 245 9999
1468 110 121 245 9999
1469 40 37 245 9999
1470 79 80 246 9999
1471 37 86 246 9999
1472 29 63 246 9999
1473 13 136 246 9999
1474 24 109 246 9999
1475 128 24 246 9999
1476 16 59 247 9999
1477 29 77 247 9999
1478 58 10 247 9999
1479 71 134 247 9999
1480 123 85 247 9999
1481 29 74 247 9999
1482 103 8 248 9999
1483 45 115 248 9999
1484 32 138 248 9999
1485 3 111 248 9999
1486 68 92 248 9999
1487 47 0 248 9999
1488 5 112 249 9999
1489 136 81 249 9999
1490 71 17 249 9999
1491 8 88 249 9999
1492 76 37 249 9999
1493 67 134 249 9999
1494 99 40 250 9999
1495 20 72 250 9999
1496 27 101 250 9999
1497 146 32 250 9999
1498 110 94 250 9999
1499 148 142 250 9999
1500 82 53 251 9999
1501 103 52 251 9999
1502 47 52 251 9999
1503 104 105 251 9999
1504 14 91 251 9999
1505 36 138 251 9999
1506 10 44 252 9999
1507 128 138 252 9999
1508 133 45 252 9999
1509 122 134 252 9999
1510 137 44 252 9999
1511 57 15 252 9999
1512 146 105 253 9999
1513 47 106 253 9999
1514 49 97 253 9999
1515 0 33 253 9999
1516 52 103 253 9999
1517 138 100 253 9999
1518 5 92 254 9999
1519 55 71 254 9999
1520 85 91 254 9999
1521 111 95 254 9999
1522 38 89 254 9999
1523 83 73 254 9999
1524 36 107 255 9999
1525 58 76 255 9999
1526 2 115 255 9999
1527 91 50 255 9999
1528 70 40 255 9999
1529 58 22 255 9999
1530 138 58 256 9999
1531 107 40 256 9999
1532 11 95 256 9999
1533 140 68 256 9999
1534 90 97 256 9999
1535 41 25 256 9999
1536 91 3 257 9999
1537 23 129 257 9999
1538 144 8 257 9999
1539 52 83 257 9999
1540 116 110 257 9999
1541 9 20 257 9999
1542 127 100 258 9999
1543 122 100 258 9999
1544 140 30 258 9999
1545 24 30 258 9999
1546 88 131 258 9999
1547 71 99 258 9999
1548 129 113 259 9999
1549 69 61 259 9999
1550 12 146 259 9999
1551 54 67 259 9999
1552 19 33 259 9999
1553 62 28 259 9999
1554 137 145 260 9999
1555 46 0 260 9999
1556 4 66 260 9999
1557 29 6 260 9999
1558 38 129 260 9999
1559 146 68 260 9999
1560 55 79 261 9999
1561 58 37 261 9999
1562 0 7 261 9999
1563 68 15 261 9999
1564 128 137 261 9999
1565 128 140 261 9999
1566 35 32 262 9999
1567 58 55 262 9999
1568 117 22 262 9999
1569 135 7 262 9999
1570 69 31 262 9999
1571 7 73 262 9999
1572 149 36 263 9999
1573 79 89 263 9999
1574 68 127 263 9999
1575 7 123 263 9999
1576 56 65 263 9999
1577 62 108 263 9999
1578 124 130 264 9999
1579 26 4 264 9999
1580 19 56 264 9999
1581 46 55 264 9999
1582 89 6 264 9999
1583 12 108 264 9999
1584 28 147 265 9999
1585 115 97 265 9999
1586 80 122 265 9999
1587 72 79 265 9999
1588 61 53 265 9999
1589 18 31 265 9999
1590 83 77 266 9999
1591 56 41 266 9999
1592 44 119 266 9999
1593 52 70 266 9999
1594 1 78 266 9999
1595 126 73 266 9999
1596 134 22 267 9999
1597 30 125 267 9999
1598 29 94 267 9999
1599 84 109 267 9999
1600 91 49 267 9999
1601 109 73 267 9999
1602 74 31 268 9999
1603 2 135 268 9999
1604 137 72 268 9999
1605 16 70 268 9999
1606 51 124 268 9999
1607 111 95 268 9999
1608 93 65 269 9999
1609 67 147 269 9999
1610 143 43 269 9999
1611 122 30 269 9999
1612 117 54 269 9999
1613 57 146 269 9999
1614 148 141 270 9999
1615 8 89 270 9999
1616 93 117 270 9999
1617 12 17 270 9999
1618 50 66 270 9999
1619 54 37 270 9999
1620 40 122 271 9999
1621 9 91 271 9999
1622 96 23 271 9999
1623 88 92 271 9999
1624 88 5 271 9999
1625 89 82 271 9999
1626 100 113 272 9999
1627 14 67 272 9999
1628 17 71 272 9999
1629 116 15 272 9999
1630 115 124 272 9999
1631 6 58 272 9999
1632 91 70 273 9999
1633 75 141 273 9999
1634 38 129 273 9999
1635 81 78 273 9999
1636 101 90 273 9999
1637 19 47 273 9999
1638 113 9 274 9999
1639 41 52 274 9999
1640 66 32 274 9999
1641 36 16 274 9999
1642 145 50 274 9999
1643 135 64 274 9999
1644 23 101 275 9999
1645 79 138 275 9999
1646 127 137 275 9999
1647 46 68 275 9999
1648 57 23 275 9999
1649 112 95 275 9999
1650 54 43 276 9999
1651 75 57 276 9999
1652 35 146 276 9999
1653 105 149 276 9999
1654 5 48 276 9999
1655 103 123 276 9999
1656 81 139 277 9999
1657 139 76 277 9999
1658 91 27 277 9999
1659 141 114 277 9999
1660 30 122 277 9999
1661 5 8 277 9999
1662 110 51 278 9999
1663 76 69 278 9999
1664 127 90 278 9999
1665 15 31 278 9999
1666 133 142 278 9999
1667 89 19 278 9999
1668 139 96 279 9999
1669 70 46 279 9999
1670 144 23 279 9999
1671 20 75 279 9999
1672 64 61 279 9999
1673 54 5 279 9999
1674 88 45 280 9999
1675 21 119 280 9999
1676 69 26 280 9999
1677 127 29 280 9999
1678 130 105 280 9999
1679 99 107 280 9999
1680 46 16 281 9999
1681 138 81 281 9999
1682 8 129 281 9999
1683 2 49 281 9999
1684 75 124 281 9999
1685 96 122 281 9999
1686 147 116 282 9999
1687 47 61 282 9999
1688 27 101 282 9999
1689 118 116 282 9999
1690 48 140 282 9999
1691 137 118 282 9999
1692 16 49 283 9999
1693 146 121 283 9999
1694 148 5 283 9999
1695 69 66 283 9999
1696 46 1 283 9999
1697 127 25 283 9999
1698 55 26 284 9999
1699 3 30 284 9999
1700 122 125 284 9999
1701 79 88 284 9999
1702 22 43 284 9999
1703 18 26 284 9999
1704 11 36 285 9999
1705 126 1 285 9999
1706 23 94 285 9999
1707 70 39 285 9999
1708 46 118 285 9999
1709 62 96 285 9999
1710 124 132 286 9999
1711 13 20 286 9999
1712 35 140 286 9999
1713 97 142 286 9999
1714 68 100 286 9999
1715 22 93 286 9999
1716 75 4 287 9999
1717 83 0 287 9999
1718 47 101 287 9999
1719 78 58 287 9999
1720 137 54 287 9999
1721 112 62 287 9999
1722 51 32 288 9999
1723 101 97 288 9999
1724 52 66 288 9999
1725 43 26 288 9999
1726 100 108 288 9999
1727 98 37 288 9999
1728 0 98 289 9999
1729 29 69 289 9999
1730 48 104 289 9999
1731 12 26 289 9999
1732 108 147 289 9999
1733 78 5 289 9999
1734 99 58 290 9999
1735 63 86 290 9999
1736 14 77 290 9999
1737 51 65 290 9999
1738 109 54 290 9999
1739 64 12 290 9999
1740 120 10 291 9999
1741 90 70 291 9999
1742 118 91 291 9999
1743 107 21 291 9999
1744 39 90 291 9999
1745 139 143 291 9999
1746 4 67 292 9999
1747 3 1 292 9999
1748 47 8 292 9999
1749 2 105 292 9999
1750 123 141 292 9999
1751 22 51 292 9999
1752 42 139 293 9999
1753 62 96 293 9999
1754 54 126 293 9999
1755 119 116 293 9999
1756 119 39 293 9999
1757 84 60 293 9999
1758 49 105 294 9999
1759 1 140 294 9999
1760 97 42 294 9999
1761 133 3 294 9999
1762 12 38 294 9999
1763 57 111 294 9999
1764 46 111 295 9999
1765 119 71 295 9999
1766 102 141 295 9999
1767 24 46 295 9999
1768 130 87 295 9999
1769 143 86 295 9999
1770 115 112 296 9999
1771 52 84 296 9999
1772 53 39 296 9999
1773 46 4 296 9999
1774 46 47 296 9999
1775 144 46 296 9999
1776 142 29 297 9999
1777 49 56 297 9999
1778 67 8 297 9999
1779 17 15 297 9999
1780 22 136 297 9999
1781 87 124 297 9999
1782 127 111 298 9999
1783 21 108 298 9999
1784 100 66 298 9999
1785 96 66 298 9999
1786 80 149 298 9999
1787 0 35 298 9999
1788 38 47 299 9999
1789 40 84 299 9999
1790 146 86 299 9999
1791 130 40 299 9999
1792 116 82 299 9999
1793 96 85 299 9999
1794 142 114 300 9999
1795 101 14 300 9999
1796 2 90 300 9999
1797 41 130 300 9999
1798 103 114 300 9999
1799 140 54 300 9999
1800 30 86 301 9999
1801 22 12 301 9999
1802 137 22 301 9999
1803 47 25 301 9999
1804 121 139 301 9999
1805 110 20 301 9999
1806 76 142 302 9999
1807 60 42 302 9999
1808 74 59 302 9999
1809 29 119 302 9999
1810 75 130 302 9999
1811 133 77 302 9999
1812 70 24 303 9999
1813 109 24 303 9999
1814 138 99 303 9999
1815 130 70 303 9999
1816 88 2 303 9999
1817 82 75 303 9999
1818 76 32 304 9999
1819 101 48 304 9999
1820 21 113 304 9999
1821 120 97 304 9999
1822 7 82 304 9999
1823 41 134 304 9999
1824 141 71 305 9999
1825 103 66 305 9999
1826 103 138 305 9999
1827 46 76 305 9999
1828 13 5 305 9999
1829 2 53 305 9999
1830 7 132 306 9999
1831 26 95 306 9999
1832 36 108 306 9999
1833 20 112 306 9999
1834 42 23 306 9999
1835 62 64 306 9999
1836 38 32 307 9999
1837 63 98 307 9999
1838 115 7 307 9999
1839 82 8 307 9999
1840 78 87 307 9999
1841 127 83 307 9999
1842 75 23 308 9999
1843 9 140 308 9999
1844 28 11 308 9999
1845 96 35 308 9999
1846 45 122 308 9999
1847 32 81 308 9999
1848 132 105 309 9999
1849 96 25 309 9999
1850 128 8 309 9999
1851 89 69 309 9999
1852 93 54 309 9999
1853 17 110 309 9999
1854 61 1 310 9999
1855 20 41 310 9999
1856 88 147 310 9999
1857 125 13 310 9999
1858 20 36 310 9999
1859 56 101 310 9999
1860 48 2 311 9999
1861 38 145 311 9999
1862 124 123 311 9999
1863 129 106 311 9999
1864 78 75 311 9999
1865 131 108 311 9999
1866 135 122 312 9999
1867 79 130 312 9999
1868 27 96 312 9999
1869 90 140 312 9999
1870 97 13 312 9999
1871 32 87 312 9999
1872 10 7 313 9999
1873 101 83 313 9999
1874 43 7 313 9999
1875 86 143 313 9999
1876 9 26 313 9999
1877 139 35 313 9999
1878 149 118 314 9999
1879 141 77 314 9999
1880 95 123 314 9999
1881 88 80 314 9999
1882 147 17 314 9999
1883 113 24 314 9999
1884 16 105 315 9999
1885 15 118 315 9999
1886 99 103 315 9999
1887 129 106 315 9999
1888 106 114 315 9999
1889 51 15 315 9999
1890 50 97 316 9999
1891 76 138 316 9999
1892 111 76 316 9999
1893 8 102 316 9999
1894 55 103 316 9999
1895 127 143 316 9999
1896 85 125 317 9999
1897 11 48 317 9999
1898 51 27 317 9999
1899 56 118 317 9999
1900 42 24 317 9999
1901 67 47 317 9999
1902 3 23 318 9999
1903 3 117 318 9999
1904 127 18 318 9999
1905 69 126 318 9999
1906 94 146 318 9999
1907 114 55 318 9999
1908 124 122 319 9999
1909 60 29 319 9999
1910 127 37 319 9999
1911 75 114 319 9999
1912 64 86 319 9999
1913 65 116 319 9999
1914 15 121 320 9999
1915 84 109 320 9999
1916 145 2 320 9999
1917 7 51 320 9999
1918 77 10 320 9999
1919 70 106 320 9999
1920 81 140 321 9999
1921 82 25 321 9999
1922 38 46 321 9999
1923 133 12 321 9999
1924 70 43 321 9999
1925 41 99 321 9999
1926 132 116 322 9999
1927 116 47 322 9999
1928 104 31 322 9999
1929 13 21 322 9999
1930 54 149 322 9999
1931 131 101 322 9999
1932 1 40 323 9999
1933 2 131 323 9999
1934 102 125 323 9999
1935 87 33 323 9999
1936 115 20 323 9999
1937 111 55 323 9999
1938 118 146 324 9999
1939 67 91 324 9999
1940 39 10 324 9999
1941 92 73 324 9999
1942 29 58 324 9999
1943 120 133 324 9999
1944 141 35 325 9999
1945 57 97 325 9999
1946 87 90 325 9999
1947 49 88 325 9999
1948 130 103 325 9999
1949 121 134 325 9999
1950 78 59 326 9999
1951 70 95 326 9999
1952 131 83 326 9999
1953 0 1 326 9999
1954 79 119 326 9999
1955 92 20 326 9999
1956 130 87 327 9999
1957 93 9 327 9999
1958 47 116 327 9999
1959 44 39 327 9999
1960 53 3 327 9999
1961 38 140 327 9999
1962 93 87 328 9999
1963 131 125 328 9999
1964 41 102 328 9999
1965 12 21 328 9999
1966 63 82 328 9999
1967 117 44 328 9999
1968 15 19 329 9999
1969 46 94 329 9999
1970 139 40 329 9999
1971 114 21 329 9999
1972 127 109 329 9999
1973 30 25 329 9999
1974 75 126 330 9999
1975 116 31 330 9999
1976 130 4 330 9999
1977 21 125 330 9999
1978 92 54 330 9999
1979 3 35 330 9999
1980 7 15 331 9999
1981 56 122 331 9999
1982 97 75 331 9999
1983 17 14 331 9999
1984 95 63 331 9999
1985 108 136 331 9999
1986 103 124 332 9999
1987 7 81 332 9999
1988 83 89 332 9999
1989 8 61 332 9999
1990 117 124 332 9999
1991 92 149 332 9999
1992 128 15 333 9999
1993 125 122 333 9999
1994 122 30 333 9999
1995 7 31 333 9999
1996 45 116 333 9999
1997 3 142 333 9999
1998 41 20 334 9999
1999 58 38 334 9999
2000 135 16 334 9999
2001 24 89 334 9999
2002 42 83 334 9999
2003 72 27 334 9999
2004 22 132 335 9999
2005 88 42 335 9999
2006 106 82 335 9999
2007 41 136 335 9999
2008 0 68 335 9999
2009 109 122 335 9999
2010 98 18 336 9999
2011 55 45 336 9999
2012 134 58 336 9999
2013 89 78 336 9999
2014 79 147 336 9999
2015 116 64 336 9999
2016 65 43 337 9999
2017 55 107 337 9999
2018 126 29 337 9999
2019 135 51 337 9999
2020 11 125 337 9999
2021 145 19 337 9999
2022 110 36 338 9999
2023 6 12 338 9999
2024 7 17 338 9999
2025 36 7 338 9999
2026 35 91 338 9999
2027 53 72 338 9999
2028 149 142 339 9999
2029 0 130 339 9999
2030 140 18 339 9999
2031 97 55 339 9999
2032 61 54 339 9999
2033 65 90 339 9999
2034 84 50 340 9999
2035 43 147 340 9999
2036 77 38 340 9999
2037 17 37 340 9999
2038 74 23 340 9999
2039 101 133 340 9999
2040 40 137 341 9999
2041 141 127 341 9999
2042 78 96 341 9999
2043 101 130 341 9999
2044 88 3 341 9999
2045 110 130 341 9999
2046 22 109 342 9999
2047 36 135 342 9999
2048 14 3 342 9999
2049 127 0 342 9999
2050 105 20 342 9999
2051 147 32 342 9999
2052 58 14 343 9999
2053 122 35 343 9999
2054 37 73 343 9999
2055 18 129 343 9999
2056 61 9 343 9999
2057 139 7 343 9999
2058 110 119 344 9999
2059 96 16 344 9999
2060 132 128 344 9999
2061 38 91 344 9999
2062 66 75 344 9999
2063 7 69 344 9999
2064 53 7 345 9999
2065 24 125 345 9999
2066 5 57 345 9999
2067 34 19 345 9999
2068 81 69 345 9999
2069 109 4 345 9999
2070 139 140 346 9999
2071 65 51 346 9999
2072 51 107 346 9999
2073 58 12 346 9999
2074 128 56 346 9999
2075 28 110 346 9999
2076 35 118 347 9999
2077 104 101 347 9999
2078 95 111 347 9999
2079 21 50 347 9999
2080 119 45 347 9999
2081 26 4 347 9999
2082 112 45 348 9999
2083 85 31 348 9999
2084 56 90 348 9999
2085 20 99 348 9999
2086 57 123 348 9999
2087 0 66 348 9999
2088 32 64 349 9999
2089 45 140 349 9999
2090 92 57 349 9999
2091 25 112 349 9999
2092 63 29 349 9999
2093 110 77 349 9999
2094 50 10 350 9999
2095 46 147 350 9999
2096 88 124 350 9999
2097 54 50 350 9999
2098 71 139 350 9999
2099 81 128 350 9999
2100 131 4 351 9999
2101 129 91 351 9999
2102 127 129 351 9999
2103 7 61 351 9999
2104 44 104 351 9999
2105 52 38 351 9999
2106 64 129 352 9999
2107 53 29 352 9999
2108 8 13 352 9999
2109 106 110 352 9999
2110 75 54 352 9999
2111 10 14 352 9999
2112 28 64 353 9999
2113 64 100 353 9999
2114 53 48 353 9999
2115 130 87 353 9999
2116 104 109 353 9999
2117 28 133 353 9999
2118 88 87 354 9999
2119 45 34 354 9999
2120 94 149 354 9999
2121 73 8 354 9999
2122 128 28 354 9999
2123 37 39 354 9999
2124 41 46 355 9999
2125 149 18 355 9999
2126 100 9 355 9999
2127 32 129 355 9999
2128 73 149 355 9999
2129 79 29 355 9999
2130 47 59 356 9999
2131 116 53 356 9999
2132 70 46 356 9999
2133 36 8 356 9999
2134 133 95 356 9999
2135 77 132 356 9999
2136 70 137 357 9999
2137 13 98 357 9999
2138 77 52 357 9999
2139 41 123 357 9999
2140 103 59 357 9999
2141 125 113 357 9999
2142 92 104 358 9999
2143 88 143 358 9999
2144 85 19 358 9999
2145 92 46 358 9999
2146 37 145 358 9999
2147 116 83 358 9999
2148 31 27 359 9999
2149 119 15 359 9999
2150 122 98 359 9999
2151 49 42 359 9999
2152 138 62 359 9999
2153 140 65 359 9999
2154 114 31 360 9999
2155 90 120 360 9999
2156 142 65 360 9999
2157 83 136 360 9999
2158 72 73 360 9999
2159 129 7 360 9999
2160 145 71 361 9999
2161 54 32 361 9999
2162 118 72 361 9999
2163 18 52 361 9999
2164 99 39 361 9999
2165 119 71 361 9999
2166 39 18 362 9999
2167 15 27 362 9999
2168 133 5 362 9999
2169 144 149 362 9999
2170 88 84 362 9999
2171 119 133 362 9999
2172 52 104 363 9999
2173 119 124 363 9999
2174 28 99 363 9999
2175 33 23 363 9999
2176 72 139 363 9999
2177 107 93 363 9999
2178 62 125 364 9999
2179 145 63 364 9999
2180 66 114 364 9999
2181 37 106 364 9999
2182 34 52 364 9999
2183 133 17 364 9999
2184 110 30 365 9999
2185 17 100 365 9999
2186 16 136 365 9999
2187 83 68 365 9999
2188 91 53 365 9999
2189 94 21 365 9999
2190 54 128 366 9999
2191 96 28 366 9999
2192 117 105 366 9999
2193 121 29 366 9999
2194 133 18 366 9999
2195 93 49 366 9999
2196 34 32 367 9999
2197 5 69 367 9999
2198 84 41 367 9999
2199 138 44 367 9999
2200 71 57 367 9999
2201 47 139 367 9999
2202 44 130 368 9999
2203 58 37 368 9999
2204 85 54 368 9999
2205 110 139 368 9999
2206 32 108 368 9999
2207 70 0 368 9999
2208 63 41 369 9999
2209 81 46 369 9999
2210 112 76 369 9999
2211 96 146 369 9999
2212 108 3 369 9999
2213 117 95 369 9999
2214 44 106 370 9999
2215 41 17 370 9999
2216 13 88 370 9999
2217 59 109 370 9999
2218 69 19 370 9999
2219 48 56 370 9999
2220 73 8 371 9999
2221 98 106 371 9999
2222 116 18 371 9999
2223 8 82 371 9999
2224 111 141 371 9999
2225 128 73 371 9999
2226 68 126 372 9999
2227 70 78 372 9999
2228 130 37 372 9999
2229 23 76 372 9999
2230 45 65 372 9999
2231 146 59 372 9999
2232 3 55 373 9999
2233 70 124 373 9999
2234 74 119 373 9999
2235 83 147 373 9999
2236 127 31 373 9999
2237 5 146 373 9999
2238 49 13 374 9999
2239 78 10 374 9999
2240 57 108 374 9999
2241 136 125 374 9999
2242 85 108 374 9999
2243 53 65 374 9999
2244 47 129 375 9999
2245 141 93 375 9999
2246 44 137 375 9999
2247 54 99 375 9999
2248 94 124 375 9999
2249 126 18 375 9999
2250 145 59 376 9999
2251 68 25 376 9999
2252 142 73 376 9999
2253 21 41 376 9999
2254 139 1 376 9999
2255 103 46 376 9999
2256 109 141 377 9999
2257 73 44 377 9999
2258 99 28 377 9999
2259 11 147 377 9999
2260 59 3 377 9999
2261 90 103 377 9999
2262 42 46 378 9999
2263 105 39 378 9999
2264 72 133 378 9999
2265 57 68 378 9999
2266 94 27 378 9999
2267 93 86 378 9999
2268 3 16 379 9999
2269 29 142 379 9999
2270 17 132 379 9999
2271 90 28 379 9999
2272 124 65 379 9999
2273 73 125 379 9999
2274 145 84 380 9999
2275 122 55 380 9999
2276 139 114 380 9999
2277 60 84 380 9999
2278 10 15 380 9999
2279 123 135 380 9999
2280 50 82 381 9999
2281 53 144 381 9999
2282 110 146 381 9999
2283 132 113 381 9999
2284 12 11 381 9999
2285 7 81 381 9999
2286 144 149 382 9999
2287 109 20 382 9999
2288 116 84 382 9999
2289 145 111 382 9999
2290 71 20 382 9999
2291 16 112 382 9999
2292 36 77 383 9999
2293 46 99 383 9999
2294 144 71 383 9999
2295 84 45 383 9999
2296 56 137 383 9999
2297 91 16 383 9999
2298 35 74 384 9999
2299 31 99 384 9999
2300 137 90 384 9999
2301 30 131 384 9999
2302 141 41 384 9999
2303 53 107 384 9999
2304 126 101 385 9999
2305 68 47 385 9999
2306 23 137 385 9999
2307 61 59 385 9999
2308 64 10 385 9999
2309 8 110 385 9999
2310 81 144 386 9999
2311 57 137 386 9999
2312 33 149 386 9999
2313 55 68 386 9999
2314 125 138 386 9999
2315 17 112 386 9999
2316 78 99 387 9999
2317 146 69 387 9999
2318 141 101 387 9999
2319 78 19 387 9999
2320 104 147 387 9999
2321 118 127 387 9999
2322 134 29 388 9999
2323 89 100 388 9999
2324 39 149 388 9999
2325 60 23 388 9999
2326 144 118 388 9999
2327 62 27 388 9999
2328 19 20 389 9999
2329 96 46 389 9999
2330 8 15 389 9999
2331 60 139 389 9999
2332 17 56 389 9999
2333 110 8 389 9999
2334 60 39 390 9999
2335 79 14 390 9999
2336 88 47 390 9999
2337 142 124 390 9999
2338 128 81 390 9999
2339 74 18 390 9999
2340 80 36 391 9999
2341 93 126 391 9999
2342 56 5 391 9999
2343 4 127 391 9999
2344 77 2 391 9999
2345 75 86 391 9999
2346 69 136 392 9999
2347 127 86 392 9999
2348 94 87 392 9999
2349 94 4 392 9999
2350 126 23 392 9999
2351 19 116 392 9999
2352 122 63 393 9999
2353 90 101 393 9999
2354 46 66 393 9999
2355 21 28 393 9999
2356 5 114 393 9999
2357 5 61 393 9999
2358 21 61 394 9999
2359 91 99 394 9999
2360 63 16 394 9999
2361 87 132 394 9999
2362 54 64 394 9999
2363 121 149 394 9999
2364 1 65 395 9999
2365 55 30 395 9999
2366 141 126 395 9999
2367 146 15 395 9999
2368 39 87 395 9999
2369 116 137 395 9999
2370 3 39 396 9999
2371 16 8 396 9999
2372 55 73 396 9999
2373 122 77 396 9999
2374 36 115 396 9999
2375 78 1 396 9999
2376 33 15 397 9999
2377 133 88 397 9999
2378 79 6 397 9999
2379 139 132 397 9999
2380 72 44 397 9999
2381 12 115 397 9999
2382 21 9 398 9999
2383 32 112 398 9999
2384 96 51 398 9999
2385 100 1 398 9999
2386 90 18 398 9999
2387 62 146 398 9999
2388 143 86 399 9999
2389 125 29 399 9999
2390 103 53 399 9999
2391 30 136 399 9999
2392 68 65 399 9999
2393 126 49 399 9999
2394 72 115 400 9999
2395 31 46 400 9999
2396 10 44 400 9999
2397 63 31 400 9999
2398 105 95 400 9999
2399 143 103 400 9999
2400 146 145 401 9999
2401 104 139 401 9999
2402 13 68 401 9999
2403 135 58 401 9999
2404 56 110 401 9999
2405 87 9 401 9999
2406 65 117 402 9999
2407 146 133 402 9999
2408 33 122 402 9999
2409 84 7 402 9999
2410 88 115 402 9999
2411 53 0 402 9999
2412 9 116 403 9999
2413 83 114 403 9999
2414 61 128 403 9999
2415 119 110 403 9999
2416 124 74 403 9999
2417 99 39 403 9999
2418 44 84 404 9999
2419 98 101 404 9999
2420 96 35 404 9999
2421 110 11 404 9999
2422 55 8 404 9999
2423 46 140 404 9999
2424 131 130 405 9999
2425 147 121 405 9999
2426 147 50 405 9999
2427 23 59 405 9999
2428 68 106 405 9999
2429 75 31 405 9999
2430 84 45 406 9999
2431 141 110 406 9999
2432 119 90 406 9999
2433 0 65 406 9999
2434 76 0 406 9999
2435 16 74 406 9999
2436 35 127 407 9999
2437 137 142 407 9999
2438 37 33 407 9999
2439 132 18 407 9999
2440 65 129 407 9999
2441 41 63 407 9999
2442 81 64 408 9999
2443 122 149 408 9999
2444 20 99 408 9999
2445 31 7 408 9999
2446 144 22 408 9999
2447 117 15 408 9999
2448 15 117 409 9999
2449 81 143 409 9999
2450 117 97 409 9999
2451 68 55 409 9999
2452 126 55 409 9999
2453 47 14 409 9999
2454 141 82 410 9999
2455 84 56 410 9999
2456 61 28 410 9999
2457 21 45 410 9999
2458 92 45 410 9999
2459 44 15 410 9999
2460 145 127 411 9999
2461 22 139 411 9999
2462 52 139 411 9999
2463 5 67 411 9999
2464 9 86 411 9999
2465 60 28 411 9999
2466 85 30 412 9999
2467 135 114 412 9999
2468 86 85 412 9999
2469 30 77 412 9999
2470 17 114 412 9999
2471 35 130 412 9999
2472 142 109 413 9999
2473 25 137 413 9999
2474 4 122 413 9999
2475 2 51 413 9999
2476 99 76 413 9999
2477 41 1 413 9999
2478 117 98 414 9999
2479 120 126 414 9999
2480 86 83 414 9999
2481 57 21 414 9999
2482 113 42 414 9999
2483 37 101 414 9999
2484 29 67 415 9999
2485 80 46 415 9999
2486 32 116 415 9999
2487 27 76 415 9999
2488 127 104 415 9999
2489 63 131 415 9999
2490 76 117 416 9999
2491 85 78 416 9999
2492 43 28 416 9999
2493 131 11 416 9999
2494 126 4 416 9999
2495 39 62 416 9999
2496 87 96 417 9999
2497 135 102 417 9999
2498 41 75 417 9999
2499 54 70 417 9999
2500 142 134 417 9999
2501 117 24 417 9999
2502 2 46 418 9999
2503 3 129 418 9999
2504 0 66 418 9999
2505 13 129 418 9999
2506 86 98 418 9999
2507 57 129 418 9999
2508 126 38 419 9999
2509 140 4 419 9999
2510 42 30 419 9999
2511 118 31 419 9999
2512 28 5 419 9999
2513 134 69 419 9999
2514 80 90 420 9999
2515 42 73 420 9999
2516 126 9 420 9999
2517 149 31 420 9999
2518 107 2 420 9999
2519 10 9 420 9999
2520 121 75 421 9999
2521 138 57 421 9999
2522 23 45 421 9999
2523 88 51 421 9999
2524 136 131 421 9999
2525 55 80 421 9999
2526 63 23 422 9999
2527 112 91 422 9999
2528 29 148 422 9999
2529 63 109 422 9999
2530 140 105 422 9999
2531 32 116 422 9999
2532 16 84 423 9999
2533 147 123 423 9999
2534 86 60 423 9999
2535 34 109 423 9999
2536 135 23 423 9999
2537 68 61 423 9999
2538 120 7 424 9999
2539 112 8 424 9999
2540 138 18 424 9999
2541 89 51 424 9999
2542 93 103 424 9999
2543 44 24 424 9999
2544 101 9 425 9999
2545 134 143 425 9999
2546 114 68 425 9999
2547 109 32 425 9999
2548 2 9 425 9999
2549 57 141 425 9999
2550 69 92 426 9999
2551 2 106 426 9999
2552 115 71 426 9999
2553 17 137 426 9999
2554 130 32 426 9999
2555 146 118 426 9999
2556 102 85 427 9999
2557 71 45 427 9999
2558 90 17 427 9999
2559 70 41 427 9999
2560 27 106 427 9999
2561 86 43 427 9999
2562 76 45 428 9999
2563 76 79 428 9999
2564 106 35 428 9999
2565 122 77 428 9999
2566 127 124 428 9999
2567 86 144 428 9999
2568 97 103 429 9999
2569 132 77 429 9999
2570 37 30 429 9999
2571 97 139 429 9999
2572 115 70 429 9999
2573 87 55 429 9999
2574 88 59 430 9999
2575 148 17 430 9999
2576 15 84 430 9999
2577 112 91 430 9999
2578 31 90 430 9999
2579 72 40 430 9999
2580 126 96 431 9999
2581 117 5 431 9999
2582 71 105 431 9999
2583 0 18 431 9999
2584 59 34 431 9999
2585 148 64 431 9999
2586 95 138 432 9999
2587 81 16 432 9999
2588 127 38 432 9999
2589 6 36 432 9999
2590 88 75 432 9999
2591 103 74 432 9999
2592 37 96 433 9999
2593 7 128 433 9999
2594 19 47 433 9999
2595 104 17 433 9999
2596 67 11 433 9999
2597 88 22 433 9999
2598 11 9 434 9999
2599 133 97 434 9999
2600 7 132 434 9999
2601 63 4 434 9999
2602 22 144 434 9999
2603 20 51 434 9999
2604 84 78 435 9999
2605 87 22 435 9999
2606 3 92 435 9999
2607 96 41 435 9999
2608 38 104 435 9999
2609 71 109 435 9999
2610 1 77 436 9999
2611 127 120 436 9999
2612 88 117 436 9999
2613 143 2 436 9999
2614 28 99 436 9999
2615 35 10 436 9999
2616 65 92 437 9999
2617 84 59 437 9999
2618 14 135 437 9999
2619 46 93 437 9999
2620 124 68 437 9999
2621 148 66 437 9999
2622 15 91 438 9999
2623 7 21 438 9999
2624 12 18 438 9999
2625 74 141 438 9999
2626 145 45 438 9999
2627 80 15 438 9999
2628 90 82 439 9999
2629 43 118 439 9999
2630 83 131 439 9999
2631 31 148 439 9999
2632 73 17 439 9999
2633 110 139 439 9999
2634 3 6 440 9999
2635 82 127 440 9999
2636 74 81 440 9999
2637 96 141 440 9999
2638 74 103 440 9999
2639 64 87 440 9999
2640 23 139 441 9999
2641 78 71 441 9999
2642 86 60 441 9999
2643 86 26 441 9999
2644 142 31 441 9999
2645 46 128 441 9999
2646 64 129 442 9999
2647 126 39 442 9999
2648 147 86 442 9999
2649 29 52 442 9999
2650 144 111 442 9999
2651 81 69 442 9999
2652 94 27 443 9999
2653 112 19 443 9999
2654 32 27 443 9999
2655 8 56 443 9999
2656 68 138 443 9999
2657 127 4 443 9999
2658 49 115 444 9999
2659 82 93 444 9999
2660 146 30 444 9999
2661 123 61 444 9999
2662 10 100 444 9999
2663 100 59 444 9999
2664 88 129 445 9999
2665 111 83 445 9999
2666 143 94 445 9999
2667 54 139 445 9999
2668 24 68 445 9999
2669 60 56 445 9999
2670 147 68 446 9999
2671 14 65 446 9999
2672 109 43 446 9999
2673 69 8 446 9999
2674 60 1 446 9999
2675 3 109 446 9999
2676 84 127 447 9999
2677 72 146 447 9999
2678 129 74 447 9999
2679 55 119 447 9999
2680 54 68 447 9999
2681 104 99 447 9999
2682 12 60 448 9999
2683 140 36 448 9999
2684 129 51 448 9999
2685 145 126 448 9999
2686 119 61 448 9999
2687 42 130 448 9999
2688 7 13 449 9999
2689 40 67 449 9999
2690 67 44 449 9999
2691 78 1 449 9999
2692 73 0 449 9999
2693 147 52 449 9999
2694 75 52 450 9999
2695 73 31 450 9999
2696 22 28 450 9999
2697 130 86 450 9999
2698 88 120 450 9999
2699 123 67 450 9999
2700 21 20 451 9999
2701 96 43 451 9999
2702 133 40 451 9999
2703 75 140 451 9999
2704 53 116 451 9999
2705 110 120 451 9999
2706 62 38 452 9999
2707 23 135 452 9999
2708 39 20 452 9999
2709 89 16 452 9999
2710 124 12 452 9999
2711 47 146 452 9999
2712 40 27 453 9999
2713 135 31 453 9999
2714 49 10 453 9999
2715 0 123 453 9999
2716 30 96 453 9999
2717 68 65 453 9999
2718 136 143 454 9999
2719 56 92 454 9999
2720 11 68 454 9999
2721 114 73 454 9999
2722 8 138 454 9999
2723 58 99 454 9999
2724 8 49 455 9999
2725 115 35 455 9999
2726 114 12 455 9999
2727 83 4 455 9999
2728 91 68 455 9999
2729 87 43 455 9999
2730 78 88 456 9999
2731 16 10 456 9999
2732 34 136 456 9999
2733 76 73 456 9999
2734 31 34 456 9999
2735 15 43 456 9999
2736 102 129 457 9999
2737 116 110 457 9999
2738 117 77 457 9999
2739 112 28 457 9999
2740 126 77 457 9999
2741 63 90 457 9999
2742 90 48 458 9999
2743 147 31 458 9999
2744 117 84 458 9999
2745 74 45 458 9999
2746 74 142 458 9999
2747 108 109 458 9999
2748 30 34 459 9999
2749 84 62 459 9999
2750 68 99 459 9999
2751 7 72 459 9999
2752 130 123 459 9999
2753 84 0 459 9999
2754 102 46 460 9999
2755 80 131 460 9999
2756 124 45 460 9999
2757 123 116 460 9999
2758 93 22 460 9999
2759 147 60 460 9999
2760 107 124 461 9999
2761 8 31 461 9999
2762 18 116 461 9999
2763 42 49 461 9999
2764 52 126 461 9999
2765 13 22 461 9999
2766 127 20 462 9999
2767 94 10 462 9999
2768 45 28 462 9999
2769 10 50 462 9999
2770 127 90 462 9999
2771 31 3 462 9999
2772 37 4 463 9999
2773 119 130 463 9999
2774 27 18 463 9999
2775 93 36 463 9999
2776 44 3 463 9999
2777 119 63 463 9999
2778 21 64 464 9999
2779 14 73 464 9999
2780 92 79 464 9999
2781 95 70 464 9999
2782 1 91 464 9999
2783 80 98 464 9999
2784 21 142 465 9999
2785 148 134 465 9999
2786 29 1 465 9999
2787 21 86 465 9999
2788 22 53 465 9999
2789 15 41 465 9999
2790 146 103 466 9999
2791 85 149 466 9999
2792 124 50 466 9999
2793 72 38 466 9999
2794 64 145 466 9999
2795 131 143 466 9999
2796 142 103 467 9999
2797 46 83 467 9999
2798 85 145 467 9999
2799 7 77 467 9999
2800 143 5 467 9999
2801 61 75 467 9999
2802 59 134 468 9999
2803 63 81 468 9999
2804 37 78 468 9999
2805 24 86 468 9999
2806 83 110 468 9999
2807 137 57 468 9999
2808 10 60 469 9999
2809 96 127 469 9999
2810 107 129 469 9999
2811 22 2 469 9999
2812 134 69 469 9999
2813 137 69 469 9999
2814 64 144 470 9999
2815 48 57 470 9999
2816 52 11 470 9999
2817 132 111 470 9999
2818 145 45 470 9999
2819 94 84 470 9999
2820 25 119 471 9999
2821 20 108 471 9999
2822 79 8 471 9999
2823 68 141 471 9999
2824 120 14 471 9999
2825 118 77 471 9999
2826 45 141 472 9999
2827 79 29 472 9999
2828 112 67 472 9999
2829 0 26 472 9999
2830 61 48 472 9999
2831 83 15 472 9999
2832 59 118 473 9999
2833 126 54 473 9999
2834 65 123 473 9999
2835 40 143 473 9999
2836 92 61 473 9999
2837 3 73 473 9999
2838 69 71 474 9999
2839 116 39 474 9999
2840 137 85 474 9999
2841 18 32 474 9999
2842 128 98 474 9999
2843 113 90 474 9999
2844 67 113 475 9999
2845 18 30 475 9999
2846 63 3 475 9999
2847 46 122 475 9999
2848 121 74 475 9999
2849 78 89 475 9999
2850 47 119 476 9999
2851 82 139 476 9999
2852 82 137 476 9999
2853 114 1 476 9999
2854 59 81 476 9999
2855 92 46 476 9999
2856 68 12 477 9999
2857 131 98 477 9999
2858 12 94 477 9999
2859 90 79 477 9999
2860 110 108 477 9999
2861 12 75 477 9999
2862 13 110 478 9999
2863 48 135 478 9999
2864 34 28 478 9999
2865 126 82 478 9999
2866 49 110 478 9999
2867 123 131 478 9999
2868 97 140 479 9999
2869 34 6 479 9999
2870 123 28 479 9999
2871 53 41 479 9999
2872 41 86 479 9999
2873 41 53 479 9999
2874 82 131 480 9999
2875 35 94 480 9999
2876 141 47 480 9999
2877 20 4 480 9999
2878 7 120 480 9999
2879 41 93 480 9999
2880 148 69 481 9999
2881 25 48 481 9999
2882 29 51 481 9999
2883 29 127 481 9999
2884 93 116 481 9999
2885 35 66 481 9999
2886 144 140 482 9999
2887 107 35 482 9999
2888 76 50 482 9999
2889 89 9 482 9999
2890 83 26 482 9999
2891 103 126 482 9999
2892 73 123 483 9999
2893 32 132 483 9999
2894 93 74 483 9999
2895 75 144 483 9999
2896 143 3 483 9999
2897 94 75 483 9999
2898 106 25 484 9999
2899 104 49 484 9999
2900 141 139 484 9999
2901 115 136 484 9999
2902 130 124 484 9999
2903 21 108 484 9999
2904 24 12 485 9999
2905 19 9 485 9999
2906 38 123 485 9999
2907 135 13 485 9999
2908 148 17 485 9999
2909 145 144 485 9999
2910 143 123 486 9999
2911 40 137 486 9999
2912 28 134 486 9999
2913 114 134 486 9999
2914 9 68 486 9999
2915 85 1 486 9999
2916 57 102 487 9999
2917 137 89 487 9999
2918 76 60 487 9999
2919 48 2 487 9999
2920 73 119 487 9999
2921 11 111 487 9999
2922 92 48 488 9999
2923 125 143 488 9999
2924 65 22 488 9999
2925 39 59 488 9999
2926 47 79 488 9999
2927 98 75 488 9999
2928 115 62 489 9999
2929 111 124 489 9999
2930 32 46 489 9999
2931 27 89 489 9999
2932 148 66 489 9999
2933 81 126 489 9999
2934 127 31 490 9999
2935 30 50 490 9999
2936 0 93 490 9999
2937 63 145 490 9999
2938 141 90 490 9999
2939 40 109 490 9999
2940 15 79 491 9999
2941 18 62 491 9999
2942 60 18 491 9999
2943 40 25 491 9999
2944 80 1 491 9999
2945 51 112 491 9999
2946 48 131 492 9999
2947 103 98 492 9999
2948 47 86 492 9999
2949 127 24 492 9999
2950 117 7 492 9999
2951 126 20 492 9999
2952 101 92 493 9999
2953 15 144 493 9999
2954 32 55 493 9999
2955 103 99 493 9999
2956 36 23 493 9999
2957 12 148 493 9999
2958 41 52 494 9999
2959 75 23 494 9999
2960 105 28 494 9999
2961 37 3 494 9999
2962 9 141 494 9999
2963 4 57 494 9999
2964 77 131 495 9999
2965 133 97 495 9999
2966 40 110 495 9999
2967 117 43 495 9999
2968 52 34 495 9999
2969 90 136 495 9999
2970 141 43 496 9999
2971 86 27 496 9999
2972 67 0 496 9999
2973 25 10 496 9999
2974 104 2 496 9999
2975 34 59 496 9999
2976 30 71 497 9999
2977 115 40 497 9999
2978 114 21 497 9999
2979 149 94 497 9999
2980 54 132 497 9999
2981 41 94 497 9999
2982 92 60 498 9999
2983 40 46 498 9999
2984 94 130 498 9999
2985 85 75 498 9999
2986 73 14 498 9999
2987 142 73 498 9999
2988 91 55 499 9999
2989 27 93 499 9999
2990 89 138 499 9999
2991 123 10 499 9999
2992 103 65 499 9999
2993 27 26 499 9999
2994 64 121 500 9999
2995 80 47 500 9999
2996 12 25 500 9999
2997 41 72 500 9999
2998 117 140 500 9999
2999 68 97 500 9999
3000 75 3 501 9999
3001 22 148 501 9999
3002 69 67 501 9999
3003 123 10 501 9999
3004 122 52 501 9999
3005 5 113 501 9999
3006 40 128 502 9999
3007 25 46 502 9999
3008 96 52 502 9999
3009 72 10 502 9999
3010 23 3 502 9999
3011 57 87 502 9999
3012 80 1 503 9999
3013 61 47 503 9999
3014 141 129 503 9999
3015 46 66 503 9999
3016 34 120 503 9999
3017 116 103 503 9999
3018 89 15 504 9999
3019 113 141 504 9999
3020 20 76 504 9999
3021 31 51 504 9999
3022 4 129 504 9999
3023 147 56 504 9999
3024 52 7 505 9999
3025 132 107 505 9999
3026 117 69 505 9999
3027 89 118 505 9999
3028 131 136 505 9999
3029 109 110 505 9999
3030 84 77 506 9999
3031 47 54 506 9999
3032 43 0 506 9999
3033 144 132 506 9999
3034 68 107 506 9999
3035 123 88 506 9999
3036 86 56 507 9999
3037 41 90 507 9999
3038 36 38 507 9999
3039 146 140 507 9999
3040 98 128 507 9999
3041 97 65 507 9999
3042 100 88 508 9999
3043 33 81 508 9999
3044 126 44 508 9999
3045 93 60 508 9999
3046 121 140 508 9999
3047 16 14 508 9999
3048 43 10 509 9999
3049 48 111 509 9999
3050 20 21 509 9999
3051 101 8 509 9999
3052 129 143 509 9999
3053 98 15 509 9999
3054 31 146 510 9999
3055 57 129 510 9999
3056 27 56 510 9999
3057 96 127 510 9999
3058 144 31 510 9999
3059 110 120 510 9999
3060 75 53 511 9999
3061 30 98 511 9999
3062 44 99 511 9999
3063 14 139 511 9999
3064 11 62 511 9999
3065 100 31 511 9999
3066 135 103 512 9999
3067 39 115 512 9999
3068 96 39 512 9999
3069 32 30 512 9999
3070 36 142 512 9999
3071 61 63 512 9999
3072 48 8 513 9999
3073 92 43 513 9999
3074 91 52 513 9999
3075 65 17 513 9999
3076 105 148 513 9999
3077 17 51 513 9999
3078 97 84 514 9999
3079 40 108 514 9999
3080 146 42 514 9999
3081 42 34 514 9999
3082 146 133 514 9999
3083 51 144 514 9999
3084 23 135 515 9999
3085 24 59 515 9999
3086 127 86 515 9999
3087 24 26 515 9999
3088 146 116 515 9999
3089 121 139 515 9999
3090 18 36 516 9999
3091 58 123 516 9999
3092 86 76 516 9999
3093 77 33 516 9999
3094 10 117 516 9999
3095 44 58 516 9999
3096 62 86 517 9999
3097 92 58 517 9999
3098 69 45 517 9999
3099 52 92 517 9999
3100 31 129 517 9999
3101 53 8 517 9999
3102 117 77 518 9999
3103 86 15 518 9999
3104 95 57 518 9999
3105 4 113 518 9999
3106 146 63 518 9999
3107 139 82 518 9999
3108 139 66 519 9999
3109 18 51 519 9999
3110 85 62 519 9999
3111 109 49 519 9999
3112 50 104 519 9999
3113 107 119 519 9999
3114 149 62 520 9999
3115 114 30 520 9999
3116 41 69 520 9999
3117 91 60 520 9999
3118 49 27 520 9999
3119 75 144 520 9999
3120 137 79 521 9999
3121 10 35 521 9999
3122 142 149 521 9999
3123 19 33 521 9999
3124 117 37 521 9999
3125 84 104 521 9999
3126 1 96 522 9999
3127 4 51 522 9999
3128 50 13 522 9999
3129 73 101 522 9999
3130 75 37 522 9999
3131 34 18 522 9999
3132 106 125 523 9999
3133 78 5 523 9999
3134 54 3 523 9999
3135 52 41 523 9999
3136 135 62 523 9999
3137 76 127 523 9999
3138 61 148 524 9999
3139 63 80 524 9999
3140 35 147 524 9999
3141 86 89 524 9999
3142 145 90 524 9999
3143 140 45 524 9999
3144 6 63 525 9999
3145 147 133 525 9999
3146 2 31 525 9999
3147 2 109 525 9999
3148 58 132 525 9999
3149 16 112 525 9999
3150 38 68 526 9999
3151 4 23 526 9999
3152 130 132 526 9999
3153 52 93 526 9999
3154 32 115 526 9999
3155 75 68 526 9999
3156 15 64 527 9999
3157 7 10 527 9999
3158 56 49 527 9999
3159 56 62 527 9999
3160 15 105 527 9999
3161 46 17 527 9999
3162 38 100 528 9999
3163 126 96 528 9999
3164 82 45 528 9999
3165 110 120 528 9999
3166 15 16 528 9999
3167 143 48 528 9999
3168 51 46 529 9999
3169 43 83 529 9999
3170 11 21 529 9999
3171 1 78 529 9999
3172 85 60 529 9999
3173 89 141 529 9999
3174 12 47 530 9999
3175 54 27 530 9999
3176 2 100 530 9999
3177 44 92 530 9999
3178 50 73 530 9999
3179 90 34 530 9999
3180 20 50 531 9999
3181 5 35 531 9999
3182 67 50 531 9999
3183 83 118 531 9999
3184 96 29 531 9999
3185 51 10 531 9999
3186 50 105 532 9999
3187 88 135 532 9999
3188 67 79 532 9999
3189 126 79 532 9999
3190 126 82 532 9999
3191 8 128 532 9999
3192 84 53 533 9999
3193 122 36 533 9999
3194 28 62 533 9999
3195 71 48 533 9999
3196 113 76 533 9999
3197 135 30 533 9999
3198 28 121 534 9999
3199 148 125 534 9999
3200 0 101 534 9999
3201 37 50 534 9999
3202 56 27 534 9999
3203 87 26 534 9999
3204 107 115 535 9999
3205 105 83 535 9999
3206 48 16 535 9999
3207 114 132 535 9999
3208 69 86 535 9999
3209 19 149 535 9999
3210 149 142 536 9999
3211 99 112 536 9999
3212 120 84 536 9999
3213 44 148 536 9999
3214 55 94 536 9999
3215 25 107 536 9999
3216 45 62 537 9999
3217 7 4 537 9999
3218 142 146 537 9999
3219 30 99 537 9999
3220 112 37 537 9999
3221 84 10 537 9999
3222 53 48 538 9999
3223 44 24 538 9999
3224 37 115 538 9999
3225 23 88 538 9999
3226 107 122 538 9999
3227 102 77 538 9999
3228 109 146 539 9999
3229 76 14 539 9999
3230 142 101 539 9999
3231 24 37 539 9999
3232 66 83 539 9999
3233 93 58 539 9999
3234 80 123 540 9999
3235 59 42 540 9999
3236 63 143 540 9999
3237 104 116 540 9999
3238 94 148 540 9999
3239 141 131 540 9999
3240 16 66 541 9999
3241 69 123 541 9999
3242 91 73 541 9999
3243 103 50 541 9999
3244 69 81 541 9999
3245 116 113 541 9999
3246 84 140 542 9999
3247 0 74 542 9999
3248 146 110 542 9999
3249 4 21 542 9999
3250 19 98 542 9999
3251 84 65 542 9999
3252 52 51 543 9999
3253 9 102 543 9999
3254 94 42 543 9999
3255 118 10 543 9999
3256 13 144 543 9999
3257 3 86 543 9999
3258 97 53 544 9999
3259 57 28 544 9999
3260 20 112 544 9999
3261 62 72 544 9999
3262 15 136 544 9999
3263 68 125 544 9999
3264 42 142 545 9999
3265 47 140 545 9999
3266 76 112 545 9999
3267 94 29 545 9999
3268 23 47 545 9999
3269 25 117 545 9999
3270 67 88 546 9999
3271 130 61 546 9999
3272 91 118 546 9999
3273 60 145 546 9999
3274 25 140 546 9999
3275 67 97 546 9999
3276 103 129 547 9999
3277 19 20 547 9999
3278 116 140 547 9999
3279 47 8 547 9999
3280 132 146 547 9999
3281 51 110 547 9999
3282 10 145 548 9999
3283 140 33 548 9999
3284 94 67 548 9999
3285 0 12 548 9999
3286 5 32 548 9999
3287 125 97 548 9999
3288 0 36 549 9999
3289 144 77 549 9999
3290 26 61 549 9999
3291 24 31 549 9999
3292 40 44 549 9999
3293 103 58 549 9999
3294 86 1 550 9999
3295 119 68 550 9999
3296 49 20 550 9999
3297 28 60 550 9999
3298 15 70 550 9999
3299 145 110 550 9999
3300 138 146 551 9999
3301 122 45 551 9999
3302 80 149 551 9999
3303 142 81 551 9999
3304 87 38 551 9999
3305 60 16 551 9999
3306 99 85 552 9999
3307 47 42 552 9999
3308 31 53 552 9999
3309 2 117 552 9999
3310 106 121 552 9999
3311 87 5 552 9999
3312 141 115 553 9999
3313 65 7 553 9999
3314 88 61 553 9999
3315 117 128 553 9999
3316 109 141 553 9999
3317 23 39 553 9999
3318 42 68 554 9999
3319 22 130 554 9999
3320 106 135 554 9999
3321 146 108 554 9999
3322 70 95 554 9999
3323 52 101 554 9999
3324 148 54 555 9999
3325 120 104 555 9999
3326 26 57 555 9999
3327 12 17 555 9999
3328 22 77 555 9999
3329 76 12 555 9999
3330 40 95 556 9999
3331 140 51 556 9999
3332 138 66 556 9999
3333 143 31 556 9999
3334 134 15 556 9999
3335 11 142 556 9999
3336 0 7 557 9999
3337 2 122 557 9999
3338 4 54 557 9999
3339 125 3 557 9999
3340 109 95 557 9999
3341 9 37 557 9999
3342 2 21 558 9999
3343 54 77 558 9999
3344 1 33 558 9999
3345 141 93 558 9999
3346 128 132 558 9999
3347 145 117 558 9999
3348 100 138 559 9999
3349 148 84 559 9999
3350 55 61 559 9999
3351 128 108 559 9999
3352 120 131 559 9999
3353 80 124 559 9999
3354 87 56 560 9999
3355 29 46 560 9999
3356 53 39 560 9999
3357 135 108 560 9999
3358 112 40 560 9999
3359 35 15 560 9999
3360 125 26 561 9999
3361 109 103 561 9999
3362 60 104 561 9999
3363 122 10 561 9999
3364 92 120 561 9999
3365 146 147 561 9999
3366 83 27 562 9999
3367 105 53 562 9999
3368 8 88 562 9999
3369 28 95 562 9999
3370 46 109 562 9999
3371 44 99 562 9999
3372 148 29 563 9999
3373 57 13 563 9999
3374 121 144 563 9999
3375 28 96 563 9999
3376 73 39 563 9999
3377 102 133 563 9999
3378 143 74 564 9999
3379 46 137 564 9999
3380 97 94 564 9999
3381 37 30 564 9999
3382 121 44 564 9999
3383 84 129 564 9999
3384 132 14 565 9999
3385 127 28 565 9999
3386 123 73 565 9999
3387 30 24 565 9999
3388 4 139 565 9999
3389 37 126 565 9999
3390 134 117 566 9999
3391 124 57 566 9999
3392 7 76 566 9999
3393 92 52 566 9999
3394 53 40 566 9999
3395 40 0 566 9999
3396 135 77 567 9999
3397 30 106 567 9999
3398 121 16 567 9999
3399 138 6 567 9999
3400 30 17 567 9999
3401 86 56 567 9999
3402 90 18 568 9999
3403 80 94 568 9999
3404 8 19 568 9999
3405 122 44 568 9999
3406 38 97 568 9999
3407 3 45 568 9999
3408 75 147 569 9999
3409 0 128 569 9999
3410 38 92 569 9999
3411 30 23 569 9999
3412 19 113 569 9999
3413 31 42 569 9999
3414 129 19 570 9999
3415 100 10 570 9999
3416 36 89 570 9999
3417 66 28 570 9999
3418 107 48 570 9999
3419 123 115 570 9999
3420 67 147 571 9999
3421 61 105 571 9999
3422 146 64 571 9999
3423 53 72 571 9999
3424 62 105 571 9999
3425 102 100 571 9999
3426 47 35 572 9999
3427 25 118 572 9999
3428 148 56 572 9999
3429 62 127 572 9999
3430 128 13 572 9999
3431 39 66 572 9999
3432 102 7 573 9999
3433 95 111 573 9999
3434 55 120 573 9999
3435 77 24 573 9999
3436 117 40 573 9999
3437 32 114 573 9999
3438 105 137 574 9999
3439 88 17 574 9999
3440 92 19 574 9999
3441 41 127 574 9999
3442 96 9 574 9999
3443 125 2 574 9999
3444 123 5 575 9999
3445 32 136 575 9999
3446 44 99 575 9999
3447 140 104 575 9999
3448 44 102 575 9999
3449 9 14 575 9999
3450 81 86 576 9999
3451 33 121 576 9999
3452 20 147 576 9999
3453 128 7 576 9999
3454 137 47 576 9999
3455 1 80 576 9999
3456 118 94 577 9999
3457 57 64 577 9999
3458 103 85 577 9999
3459 119 76 577 9999
3460 90 1 577 9999
3461 115 36 577 9999
3462 2 7 578 9999
3463 140 46 578 9999
3464 11 52 578 9999
3465 112 144 578 9999
3466 138 146 578 9999
3467 18 60 578 9999
3468 45 146 579 9999
3469 119 33 579 9999
3470 96 120 579 9999
3471 15 64 579 9999
3472 116 72 579 9999
3473 129 69 579 9999
3474 59 98 580 9999
3475 47 51 580 9999
3476 1 64 580 9999
3477 88 4 580 9999
3478 72 78 580 9999
3479 102 135 580 9999
3480 32 65 581 9999
3481 130 72 581 9999
3482 113 148 581 9999
3483 132 60 581 9999
3484 46 101 581 9999
3485 145 142 581 9999
3486 123 10 582 9999
3487 57 89 582 9999
3488 135 36 582 9999
3489 60 44 582 9999
3490 36 10 582 9999
3491 96 89 582 9999
3492 74 86 583 9999
3493 93 48 583 9999
3494 66 98 583 9999
3495 34 99 583 9999
3496 13 66 583 9999
3497 21 28 583 9999
3498 64 56 584 9999
3499 88 110 584 9999
3500 7 84 584 9999
3501 5 33 584 9999
3502 94 62 584 9999
3503 122 131 584 9999
3504 0 85 585 9999
3505 26 88 585 9999
3506 95 24 585 9999
3507 27 71 585 9999
3508 110 23 585 9999
3509 120 26 585 9999
3510 23 56 586 9999
3511 125 36 586 9999
3512 122 49 586 9999
3513 116 88 586 9999
3514 105 106 586 9999
3515 100 14 586 9999
3516 92 105 587 9999
3517 47 89 587 9999
3518 69 72 587 9999
3519 70 121 587 9999
3520 7 96 587 9999
3521 59 4 587 9999
3522 120 139 588 9999
3523 75 132 588 9999
3524 64 97 588 9999
3525 9 87 588 9999
3526 55 134 588 9999
3527 25 79 588 9999
3528 33 43 589 9999
3529 17 40 589 9999
3530 149 20 589 9999
3531 55 92 589 9999
3532 125 102 589 9999
3533 83 97 589 9999
3534 76 3 590 9999
3535 68 83 590 9999
3536 2 30 590 9999
3537 139 24 590 9999
3538 19 117 590 9999
3539 7 135 590 9999
3540 64 16 591 9999
3541 72 22 591 9999
3542 52 149 591 9999
3543 101 138 591 9999
3544 42 21 591 9999
3545 28 41 591 9999
3546 41 135 592 9999
3547 35 68 592 9999
3548 88 118 592 9999
3549 15 14 592 9999
3550 122 136 592 9999
3551 0 26 592 9999
3552 16 41 593 9999
3553 50 87 593 9999
3554 8 57 593 9999
3555 72 125 593 9999
3556 125 144 593 9999
3557 147 28 593 9999
3558 143 0 594 9999
3559 16 35 594 9999
3560 21 96 594 9999
3561 128 62 594 9999
3562 82 14 594 9999
3563 131 72 594 9999
3564 34 48 595 9999
3565 138 58 595 9999
3566 34 40 595 9999
3567 84 102 595 9999
3568 82 135 595 9999
3569 39 142 595 9999
3570 94 111 596 9999
3571 117 70 596 9999
3572 7 16 596 9999
3573 98 52 596 9999
3574 17 16 596 9999
3575 139 90 596 9999
3576 14 118 597 9999
3577 3 96 597 9999
3578 34 36 597 9999
3579 70 68 597 9999
3580 136 59 597 9999
3581 127 73 597 9999
3582 1 113 598 9999
3583 25 83 598 9999
3584 98 65 598 9999
3585 76 43 598 9999
3586 26 95 598 9999
3587 113 34 598 9999
3588 14 113 599 9999
3589 138 31 599 9999
3590 129 128 599 9999
3591 121 45 599 9999
3592 96 26 599 9999
3593 44 130 599 9999
3594 114 100 600 9999
3595 3 75 600 9999
3596 129 76 600 9999
3597 77 93 600 9999
3598 3 62 600 9999
3599 93 68 600 9999
3600 40 136 601 9999
3601 147 136 601 9999
3602 1 83 601 9999
3603 0 114 601 9999
3604 71 83 601 9999
3605 145 49 601 9999
3606 106 93 602 9999
3607 145 35 602 9999
3608 137 27 602 9999
3609 51 101 602 9999
3610 30 54 602 9999
3611 79 61 602 9999
3612 32 58 603 9999
3613 4 36 603 9999
3614 120 0 603 9999
3615 104 11 603 9999
3616 136 3 603 9999
3617 49 40 603 9999
3618 86 101 604 9999
3619 56 8 604 9999
3620 86 104 604 9999
3621 109 94 604 9999
3622 47 7 604 9999
3623 129 34 604 9999
3624 86 83 605 9999
3625 37 116 605 9999
3626 39 18 605 9999
3627 28 72 605 9999
3628 76 84 605 9999
3629 108 47 605 9999
3630 84 114 606 9999
3631 110 123 606 9999
3632 20 61 606 9999
3633 65 106 606 9999
3634 64 121 606 9999
3635 16 52 606 9999
3636 127 126 607 9999
3637 146 76 607 9999
3638 35 28 607 9999
3639 12 121 607 9999
3640 111 50 607 9999
3641 140 52 607 9999
3642 120 70 608 9999
3643 124 47 608 9999
3644 4 134 608 9999
3645 146 141 608 9999
3646 1 106 608 9999
3647 16 21 608 9999
3648 69 81 609 9999
3649 29 133 609 9999
3650 104 46 609 9999
3651 35 82 609 9999
3652 74 83 609 9999
3653 8 109 609 9999
3654 111 21 610 9999
3655 132 124 610 9999
3656 123 122 610 9999
3657 27 93 610 9999
3658 42 53 610 9999
3659 42 47 610 9999
3660 38 90 611 9999
3661 91 144 611 9999
3662 106 112 611 9999
3663 115 89 611 9999
3664 141 98 611 9999
3665 43 89 611 9999
3666 35 27 612 9999
3667 65 119 612 9999
3668 36 76 612 9999
3669 132 109 612 9999
3670 59 107 612 9999
3671 134 31 612 9999
3672 36 77 613 9999
3673 126 89 613 9999
3674 22 75 613 9999
3675 127 60 613 9999
3676 15 68 613 9999
3677 107 23 613 9999
3678 82 72 614 9999
3679 112 126 614 9999
3680 73 57 614 9999
3681 117 108 614 9999
3682 85 33 614 9999
3683 129 23 614 9999
3684 11 14 615 9999
3685 132 70 615 9999
3686 121 116 615 9999
3687 4 59 615 9999
3688 95 130 615 9999
3689 148 117 615 9999
3690 55 28 616 9999
3691 28 122 616 9999
3692 148 37 616 9999
3693 145 81 616 9999
3694 109 9 616 9999
3695 109 84 616 9999
3696 66 76 617 9999
3697 95 1 617 9999
3698 109 74 617 9999
3699 24 121 617 9999
3700 88 6 617 9999
3701 93 111 617 9999
3702 24 149 618 9999
3703 20 22 618 9999
3704 129 71 618 9999
3705 41 86 618 9999
3706 99 121 618 9999
3707 58 97 618 9999
3708 8 105 619 9999
3709 80 118 619 9999
3710 114 39 619 9999
3711 52 31 619 9999
3712 116 147 619 9999
3713 32 127 619 9999
3714 124 109 620 9999
3715 0 114 620 9999
3716 17 146 620 9999
3717 128 42 620 9999
3718 145 50 620 9999
3719 116 125 620 9999
3720 121 7 621 9999
3721 113 122 621 9999
3722 129 74 621 9999
3723 70 137 621 9999
3724 29 52 621 9999
3725 7 46 621 9999
3726 92 112 622 9999
3727 77 58 622 9999
3728 109 11 622 9999
3729 87 135 622 9999
3730 120 88 622 9999
3731 2 40 622 9999
3732 84 130 623 9999
3733 82 79 623 9999
3734 30 100 623 9999
3735 106 54 623 9999
3736 107 122 623 9999
3737 26 86 623 9999
3738 46 148 624 9999
3739 74 127 624 9999
3740 51 81 624 9999
3741 23 45 624 9999
3742 43 100 624 9999
3743 5 55 624 9999
3744 14 92 625 9999
3745 92 36 625 9999
3746 82 94 625 9999
3747 76 68 625 9999
3748 74 60 625 9999
3749 50 7 625 9999
3750 10 6 626 9999
3751 61 118 626 9999
3752 30 139 626 9999
3753 106 76 626 9999
3754 138 30 626 9999
3755 54 91 626 9999
3756 14 77 627 9999
3757 38 109 627 9999
3758 80 43 627 9999
3759 66 146 627 9999
3760 135 9 627 9999
3761 32 120 627 9999
3762 103 11 628 9999
3763 38 80 628 9999
3764 71 88 628 9999
3765 139 134 628 9999
3766 147 50 628 9999
3767 4 27 628 9999
3768 91 110 629 9999
3769 104 131 629 9999
3770 141 60 629 9999
3771 124 57 629 9999
3772 39 12 629 9999
3773 16 119 629 9999
3774 55 135 630 9999
3775 115 93 630 9999
3776 144 50 630 9999
3777 63 149 630 9999
3778 61 3 630 9999
3779 131 132 630 9999
3780 92 120 631 9999
3781 18 141 631 9999
3782 72 22 631 9999
3783 18 66 631 9999
3784 133 24 631 9999
3785 47 26 631 9999
3786 136 22 632 9999
3787 83 26 632 9999
3788 34 1 632 9999
3789 145 142 632 9999
3790 136 13 632 9999
3791 137 32 632 9999
3792 63 50 633 9999
3793 84 124 633 9999
3794 105 117 633 9999
3795 8 99 633 9999
3796 88 27 633 9999
3797 90 62 633 9999
3798 101 109 634 9999
3799 128 84 634 9999
3800 35 78 634 9999
3801 110 22 634 9999
3802 100 95 634 9999
3803 48 36 634 9999
3804 97 95 635 9999
3805 80 135 635 9999
3806 108 67 635 9999
3807 70 73 635 9999
3808 19 56 635 9999
3809 47 125 635 9999
3810 23 108 636 9999
3811 74 13 636 9999
3812 37 15 636 9999
3813 76 138 636 9999
3814 26 106 636 9999
3815 73 113 636 9999
3816 34 85 637 9999
3817 135 36 637 9999
3818 31 85 637 9999
3819 125 30 637 9999
3820 31 55 637 9999
3821 67 41 637 9999
3822 123 137 638 9999
3823 115 44 638 9999
3824 95 12 638 9999
3825 19 119 638 9999
3826 22 146 638 9999
3827 132 59 638 9999
3828 63 110 639 9999
3829 48 89 639 9999
3830 67 23 639 9999
3831 52 3 639 9999
3832 108 90 639 9999
3833 40 139 639 9999
3834 25 67 640 9999
3835 19 56 640 9999
3836 122 87 640 9999
3837 98 147 640 9999
3838 126 115 640 9999
3839 94 72 640 9999
3840 127 113 641 9999
3841 93 52 641 9999
3842 11 75 641 9999
3843 111 74 641 9999
3844 88 61 641 9999
3845 13 57 641 9999
3846 84 118 642 9999
3847 112 43 642 9999
3848 110 54 642 9999
3849 84 135 642 9999
3850 121 6 642 9999
3851 94 146 642 9999
3852 93 94 643 9999
3853 143 121 643 9999
3854 59 139 643 9999
3855 95 88 643 9999
3856 103 38 643 9999
3857 140 114 643 9999
3858 16 4 644 9999
3859 91 104 644 9999
3860 65 104 644 9999
3861 63 0 644 9999
3862 124 25 644 9999
3863 95 84 644 9999
3864 80 29 645 9999
3865 122 51 645 9999
3866 35 66 645 9999
3867 47 30 645 9999
3868 62 93 645 9999
3869 54 121 645 9999
3870 82 149 646 9999
3871 111 87 646 9999
3872 38 102 646 9999
3873 104 106 646 9999
3874 8 45 646 9999
3875 112 73 646 9999
3876 51 25 647 9999
3877 125 78 647 9999
3878 102 70 647 9999
3879 64 32 647 9999
3880 100 36 647 9999
3881 136 37 647 9999
3882 4 85 648 9999
3883 68 66 648 9999
3884 80 122 648 9999
3885 89 65 648 9999
3886 23 51 648 9999
3887 54 113 648 9999
3888 55 8 649 9999
3889 69 63 649 9999
3890 105 31 649 9999
3891 38 59 649 9999
3892 108 14 649 9999
3893 39 113 649 9999
3894 84 103 650 9999
3895 145 86 650 9999
3896 140 33 650 9999
3897 124 46 650 9999
3898 21 94 650 9999
3899 113 101 650 9999
3900 118 104 651 9999
3901 68 43 651 9999
3902 5 123 651 9999
3903 7 112 651 9999
3904 33 128 651 9999
3905 77 41 651 9999
3906 62 116 652 9999
3907 100 20 652 9999
3908 130 139 652 9999
3909 133 116 652 9999
3910 144 31 652 9999
3911 105 134 652 9999
3912 116 79 653 9999
3913 31 137 653 9999
3914 75 46 653 9999
3915 141 95 653 9999
3916 0 59 653 9999
3917 138 58 653 9999
3918 32 145 654 9999
3919 72 66 654 9999
3920 124 0 654 9999
3921 107 36 654 9999
3922 18 109 654 9999
3923 108 50 654 9999
3924 0 144 655 9999
3925 16 144 655 9999
3926 77 23 655 9999
3927 31 43 655 9999
3928 102 114 655 9999
3929 31 79 655 9999
3930 62 22 656 9999
3931 24 62 656 9999
3932 81 13 656 9999
3933 22 16 656 9999
3934 8 95 656 9999
3935 134 34 656 9999
3936 147 143 657 9999
3937 122 15 657 9999
3938 102 81 657 9999
3939 65 4 657 9999
3940 127 133 657 9999
3941 148 54 657 9999
3942 7 81 658 9999
3943 97 11 658 9999
3944 45 30 658 9999
3945 91 9 658 9999
3946 104 17 658 9999
3947 72 88 658 9999
3948 30 146 659 9999
3949 104 91 659 9999
3950 143 140 659 9999
3951 27 140 659 9999
3952 133 0 659 9999
3953 5 137 659 9999
3954 133 122 660 9999
3955 141 110 660 9999
3956 8 41 660 9999
3957 66 67 660 9999
3958 25 65 660 9999
3959 130 122 660 9999
3960 96 123 661 9999
3961 132 50 661 9999
3962 141 106 661 9999
3963 40 73 661 9999
3964 102 46 661 9999
3965 14 96 661 9999
3966 36 94 662 9999
3967 86 19 662 9999
3968 94 144 662 9999
3969 6 129 662 9999
3970 18 49 662 9999
3971 89 78 662 9999
3972 143 5 663 9999
3973 145 18 663 9999
3974 70 28 663 9999
3975 42 68 663 9999
3976 1 24 663 9999
3977 21 142 663 9999
3978 130 61 664 9999
3979 118 83 664 9999
3980 108 34 664 9999
3981 81 144 664 9999
3982 128 17 664 9999
3983 66 72 664 9999
3984 63 124 665 9999
3985 103 134 665 9999
3986 76 42 665 9999
3987 62 121 665 9999
3988 99 110 665 9999
3989 41 72 665 9999
3990 138 83 666 9999
3991 42 139 666 9999
3992 108 63 666 9999
3993 34 88 666 9999
3994 27 54 666 9999
3995 73 37 666 9999
3996 88 4 667 9999
3997 83 67 667 9999
3998 74 51 667 9999
3999 41 39 667 9999
4000 26 145 667 9999
4001 23 4 667 9999
4002 89 86 668 9999
4003 125 91 668 9999
4004 46 16 668 9999
4005 13 86 668 9999
4006 99 107 668 9999
4007 127 57 668 9999
4008 73 11 669 9999
4009 48 100 669 9999
4010 65 121 669 9999
4011 39 56 669 9999
4012 28 122 669 9999
4013 123 4 669 9999
4014 76 66 670 9999
4015 43 102 670 9999
4016 61 67 670 9999
4017 106 53 670 9999
4018 3 81 670 9999
4019 144 101 670 9999
4020 97 59 671 9999
4021 89 98 671 9999
4022 16 66 671 9999
4023 6 89 671 9999
4024 130 106 671 9999
4025 91 97 671 9999
4026 129 32 672 9999
4027 3 7 672 9999
4028 57 28 672 9999
4029 11 133 672 9999
4030 95 55 672 9999
4031 137 58 672 9999
4032 24 93 673 9999
4033 111 79 673 9999
4034 76 105 673 9999
4035 30 75 673 9999
4036 66 21 673 9999
4037 23 83 673 9999
4038 87 81 674 9999
4039 74 119 674 9999
4040 37 68 674 9999
4041 67 17 674 9999
4042 2 122 674 9999
4043 24 59 674 9999
4044 1 88 675 9999
4045 42 148 675 9999
4046 45 29 675 9999
4047 56 69 675 9999
4048 24 18 675 9999
4049 148 2 675 9999
4050 25 80 676 9999
4051 77 92 676 9999
4052 101 77 676 9999
4053 90 84 676 9999
4054 53 60 676 9999
4055 122 23 676 9999
4056 29 139 677 9999
4057 26 1 677 9999
4058 65 85 677 9999
4059 54 55 677 9999
4060 30 52 677 9999
4061 100 111 677 9999
4062 109 19 678 9999
4063 38 29 678 9999
4064 17 40 678 9999
4065 106 149 678 9999
4066 118 100 678 9999
4067 100 121 678 9999
4068 27 41 679 9999
4069 55 133 679 9999
4070 3 79 679 9999
4071 6 32 679 9999
4072 120 32 679 9999
4073 33 88 679 9999
4074 20 88 680 9999
4075 143 102 680 9999
4076 42 146 680 9999
4077 63 1 680 9999
4078 67 101 680 9999
4079 82 85 680 9999
4080 44 39 681 9999
4081 136 12 681 9999
4082 139 87 681 9999
4083 35 69 681 9999
4084 30 142 681 9999
4085 52 33 681 9999
4086 72 110 682 9999
4087 65 94 682 9999
4088 45 0 682 9999
4089 32 117 682 9999
4090 140 78 682 9999
4091 69 33 682 9999
4092 74 34 683 9999
4093 86 141 683 9999
4094 38 19 683 9999
4095 128 82 683 9999
4096 110 115 683 9999
4097 146 1 683 9999
4098 104 31 684 9999
4099 70 134 684 9999
4100 75 24 684 9999
4101 69 147 684 9999
4102 135 134 684 9999
4103 144 82 684 9999
4104 36 26 685 9999
4105 49 27 685 9999
4106 104 118 685 9999
4107 112 80 685 9999
4108 54 100 685 9999
4109 72 92 685 9999
4110 119 102 686 9999
4111 76 131 686 9999
4112 67 72 686 9999
4113 133 21 686 9999
4114 5 105 686 9999
4115 57 81 686 9999
4116 130 126 687 9999
4117 130 17 687 9999
4118 12 124 687 9999
4119 99 49 687 9999
4120 1 50 687 9999
4121 128 7 687 9999
4122 18 142 688 9999
4123 88 124 688 9999
4124 92 62 688 9999
4125 67 114 688 9999
4126 14 143 688 9999
4127 95 134 688 9999
4128 66 130 689 9999
4129 57 123 689 9999
4130 86 115 689 9999
4131 54 118 689 9999
4132 143 35 689 9999
4133 135 6 689 9999
4134 61 136 690 9999
4135 107 114 690 9999
4136 36 137 690 9999
4137 122 106 690 9999
4138 129 112 690 9999
4139 80 71 690 9999
4140 24 49 691 9999
4141 87 90 691 9999
4142 43 85 691 9999
4143 74 11 691 9999
4144 65 132 691 9999
4145 36 53 691 9999
4146 149 91 692 9999
4147 21 142 692 9999
4148 28 58 692 9999
4149 148 89 692 9999
4150 96 7 692 9999
4151 54 34 692 9999
4152 144 78 693 9999
4153 42 123 693 9999
4154 40 123 693 9999
4155 97 116 693 9999
4156 74 86 693 9999
4157 56 117 693 9999
4158 21 131 694 9999
4159 30 139 694 9999
4160 15 67 694 9999
4161 42 14 694 9999
4162 60 116 694 9999
4163 6 140 694 9999
4164 76 57 695 9999
4165 79 75 695 9999
4166 116 35 695 9999
4167 109 111 695 9999
4168 15 2 695 9999
4169 136 55 695 9999
4170 27 135 696 9999
4171 73 101 696 9999
4172 72 130 696 9999
4173 121 93 696 9999
4174 13 53 696 9999
4175 134 28 696 9999
4176 22 79 697 9999
4177 42 134 697 9999
4178 45 100 697 9999
4179 124 23 697 9999
4180 59 106 697 9999
4181 98 26 697 9999
4182 141 110 698 9999
4183 137 7 698 9999
4184 14 25 698 9999
4185 114 41 698 9999
4186 11 38 698 9999
4187 44 83 698 9999
4188 18 15 699 9999
4189 78 83 699 9999
4190 121 63 699 9999
4191 111 143 699 9999
4192 44 55 699 9999
4193 128 89 699 9999
4194 57 102 700 9999
4195 14 117 700 9999
4196 110 15 700 9999
4197 45 102 700 9999
4198 27 84 700 9999
4199 11 41 700 9999
