0 133 136 1 9999
1 27 115 1 9999
2 143 85 1 9999
3 136 42 1 9999
4 99 121 2 9999
5 62 127 2 9999
6 140 109 2 9999
7 113 76 2 9999
8 90 126 3 9999
9 22 136 3 9999
10 11 68 3 9999
11 117 129 3 9999
12 32 80 3 9999
13 62 73 4 9999
14 67 85 4 9999
15 29 102 4 9999
16 72 108 4 9999
17 119 117 4 9999
18 43 106 5 9999
19 61 142 5 9999
20 129 123 5 9999
21 21 119 5 9999
22 134 37 5 9999
23 98 74 6 9999
24 65 120 6 9999
25 113 76 6 9999
26 91 80 6 9999
27 56 123 6 9999
28 62 20 6 9999
29 46 31 7 9999
30 105 75 7 9999
31 134 27 7 9999
32 86 5 7 9999
33 46 129 7 9999
34 13 107 7 9999
35 24 45 8 9999
36 132 45 8 9999
37 14 117 8 9999
38 134 14 8 9999
39 93 50 8 9999
40 37 108 8 9999
41 126 128 9 9999
42 38 84 9 9999
43 3 101 9 9999
44 104 49 9 9999
45 132 60 9 9999
46 26 18 9 9999
47 139 112 9 9999
48 76 36 10 9999
49 144 89 10 9999
50 45 70 10 9999
51 134 28 10 9999
52 17 51 10 9999
53 47 2 10 9999
54 117 42 10 9999
55 52 56 11 9999
56 1 80 11 9999
57 86 91 11 9999
58 15 89 11 9999
59 94 119 11 9999
60 40 129 11 9999
61 81 67 11 9999
62 147 71 12 9999
63 81 125 12 9999
64 9 127 12 9999
65 117 106 12 9999
66 47 3 12 9999
67 36 65 12 9999
68 106 83 12 9999
69 119 74 13 9999
70 28 21 13 9999
71 32 29 13 9999
72 3 119 13 9999
73 120 18 13 9999
74 58 65 13 9999
75 40 99 13 9999
76 96 23 14 9999
77 68 145 14 9999
78 146 51 14 9999
79 121 5 14 9999
80 29 88 14 9999
81 14 128 14 9999
82 91 50 14 9999
83 43 100 15 9999
84 134 64 15 9999
85 24 64 15 9999
86 137 56 15 9999
87 93 141 15 9999
88 77 115 15 9999
89 9 136 15 9999
90 82 101 16 9999
91 137 28 16 9999
92 125 107 16 9999
93 24 121 16 9999
94 8 145 16 9999
95 29 37 16 9999
96 135 43 16 9999
97 68 128 17 9999
98 93 111 17 9999
99 78 129 17 9999
100 26 4 17 9999
101 43 13 17 9999
102 113 38 17 9999
103 56 40 17 9999
104 4 118 18 9999
105 78 138 18 9999
106 69 117 18 9999
107 17 96 18 9999
108 74 93 18 9999
109 120 83 18 9999
110 140 149 18 9999
111 22 125 19 9999
112 94 90 19 9999
113 5 89 19 9999
114 104 136 19 9999
115 69 32 19 9999
116 42 14 19 9999
117 97 57 19 9999
118 105 4 20 9999
119 98 11 20 9999
120 122 78 20 9999
121 149 93 20 9999
122 46 68 20 9999
123 40 22 20 9999
124 11 10 20 9999
125 105 1 21 9999
126 61 30 21 9999
127 28 5 21 9999
128 120 86 21 9999
129 94 126 21 9999
130 72 65 21 9999
131 8 16 21 9999
132 132 8 22 9999
133 74 87 22 9999
134 12 74 22 9999
135 0 36 22 9999
136 2 149 22 9999
137 129 100 22 9999
138 68 71 22 9999
139 123 131 23 9999
140 81 130 23 9999
141 133 44 23 9999
142 10 63 23 9999
143 49 131 23 9999
144 149 46 23 9999
145 9 123 24 9999
146 13 18 24 9999
147 140 145 24 9999
148 26 116 24 9999
149 134 90 24 9999
150 40 134 24 9999
151 126 42 25 9999
152 36 7 25 9999
153 45 6 25 9999
154 79 18 25 9999
155 137 62 25 9999
156 148 22 25 9999
157 9 86 26 9999
158 110 42 26 9999
159 137 6 26 9999
160 51 13 26 9999
161 72 121 26 9999
162 55 119 26 9999
163 49 21 27 9999
164 104 139 27 9999
165 61 140 27 9999
166 17 5 27 9999
167 78 77 27 9999
168 50 84 28 9999
169 58 120 28 9999
170 124 22 28 9999
171 119 146 28 9999
172 31 30 28 9999
173 134 142 29 9999
174 72 122 29 9999
175 50 25 29 9999
176 135 122 29 9999
177 49 40 30 9999
178 92 98 30 9999
179 113 98 30 9999
180 140 24 30 9999
181 140 59 31 9999
182 81 69 31 9999
183 136 132 31 9999
184 55 44 31 9999
185 4 29 32 9999
186 119 123 32 9999
187 26 0 32 9999
188 55 10 33 9999
189 142 29 33 9999
190 34 43 33 9999
191 55 71 34 9999
192 67 104 34 9999
193 13 61 35 9999
194 104 126 35 9999
195 9 94 36 9999
196 52 56 36 9999
197 134 121 37 9999
198 42 18 38 9999
199 78 139 39 9999
200 22 108 55 9999
201 108 48 56 9999
202 36 108 57 9999
203 103 98 58 9999
204 3 133 58 9999
205 133 98 59 9999
206 90 54 59 9999
207 67 96 60 9999
208 68 129 60 9999
209 50 96 61 9999
210 138 47 61 9999
211 149 40 61 9999
212 103 133 62 9999
213 63 47 62 9999
214 53 142 62 9999
215 36 75 63 9999
216 2 46 63 9999
217 25 38 63 9999
218 57 129 63 9999
219 136 60 64 9999
220 14 21 64 9999
221 60 104 64 9999
222 128 127 64 9999
223 50 98 65 9999
224 106 2 65 9999
225 44 147 65 9999
226 49 43 65 9999
227 89 2 66 9999
228 78 3 66 9999
229 50 131 66 9999
230 47 138 66 9999
231 109 101 66 9999
232 35 134 67 9999
233 139 92 67 9999
234 15 27 67 9999
235 54 29 67 9999
236 49 114 67 9999
237 35 79 68 9999
238 143 85 68 9999
239 27 100 68 9999
240 88 71 68 9999
241 149 39 68 9999
242 17 88 69 9999
243 42 95 69 9999
244 143 144 69 9999
245 129 40 69 9999
246 132 140 69 9999
247 141 69 69 9999
248 26 32 70 9999
249 11 42 70 9999
250 60 117 70 9999
251 123 11 70 9999
252 81 9 70 9999
253 90 75 70 9999
254 146 117 71 9999
255 77 84 71 9999
256 90 76 71 9999
257 124 107 71 9999
258 14 68 71 9999
259 105 8 71 9999
260 62 136 72 9999
261 100 96 72 9999
262 126 144 72 9999
263 16 2 72 9999
264 78 79 72 9999
265 96 40 72 9999
266 47 70 72 9999
267 51 30 73 9999
268 131 43 73 9999
269 7 127 73 9999
270 62 136 73 9999
271 114 55 73 9999
272 62 140 73 9999
273 12 129 73 9999
274 110 19 74 9999
275 39 74 74 9999
276 5 41 74 9999
277 20 33 74 9999
278 87 88 74 9999
279 88 16 74 9999
280 70 34 74 9999
281 56 117 75 9999
282 6 10 75 9999
283 49 137 75 9999
284 105 109 75 9999
285 17 18 75 9999
286 95 33 75 9999
287 73 8 75 9999
288 23 137 76 9999
289 39 133 76 9999
290 7 78 76 9999
291 57 64 76 9999
292 21 129 76 9999
293 0 109 76 9999
294 68 88 76 9999
295 125 138 77 9999
296 24 83 77 9999
297 7 31 77 9999
298 93 108 77 9999
299 70 49 77 9999
300 67 139 77 9999
301 119 13 77 9999
302 22 94 78 9999
303 73 97 78 9999
304 81 112 78 9999
305 132 140 78 9999
306 92 91 78 9999
307 107 15 78 9999
308 71 107 78 9999
309 124 41 79 9999
310 97 1 79 9999
311 81 121 79 9999
312 137 140 79 9999
313 54 80 79 9999
314 98 125 79 9999
315 31 16 79 9999
316 16 52 80 9999
317 81 39 80 9999
318 146 4 80 9999
319 38 130 80 9999
320 18 21 80 9999
321 120 12 80 9999
322 112 129 80 9999
323 27 85 81 9999
324 86 54 81 9999
325 126 33 81 9999
326 107 109 81 9999
327 57 94 81 9999
328 99 111 81 9999
329 77 100 81 9999
330 86 10 82 9999
331 18 5 82 9999
332 63 99 82 9999
333 44 111 82 9999
334 5 134 82 9999
335 91 75 82 9999
336 5 114 82 9999
337 139 118 83 9999
338 93 68 83 9999
339 105 82 83 9999
340 122 82 83 9999
341 17 80 83 9999
342 93 74 83 9999
343 76 43 83 9999
344 36 3 84 9999
345 143 24 84 9999
346 14 63 84 9999
347 29 77 84 9999
348 12 125 84 9999
349 38 69 84 9999
350 110 32 84 9999
351 144 17 85 9999
352 146 35 85 9999
353 37 141 85 9999
354 103 143 85 9999
355 73 128 85 9999
356 75 91 85 9999
357 110 18 85 9999
358 67 36 86 9999
359 113 5 86 9999
360 40 8 86 9999
361 30 54 86 9999
362 71 111 86 9999
363 33 135 86 9999
364 139 123 87 9999
365 54 1 87 9999
366 5 100 87 9999
367 18 53 87 9999
368 135 56 87 9999
369 45 89 87 9999
370 49 20 88 9999
371 67 26 88 9999
372 13 27 88 9999
373 96 81 88 9999
374 115 60 88 9999
375 86 5 88 9999
376 120 18 89 9999
377 111 42 89 9999
378 32 46 89 9999
379 79 21 89 9999
380 20 134 89 9999
381 22 77 89 9999
382 84 40 90 9999
383 33 122 90 9999
384 148 130 90 9999
385 113 47 90 9999
386 0 30 90 9999
387 73 14 91 9999
388 109 72 91 9999
389 147 74 91 9999
390 132 135 91 9999
391 132 4 91 9999
392 4 93 92 9999
393 98 36 92 9999
394 140 28 92 9999
395 109 62 92 9999
396 12 33 93 9999
397 41 148 93 9999
398 73 74 93 9999
399 22 72 93 9999
400 54 135 94 9999
401 21 107 94 9999
402 15 147 94 9999
403 121 26 94 9999
404 69 118 95 9999
405 101 103 95 9999
406 103 83 95 9999
407 107 9 96 9999
408 78 56 96 9999
409 97 120 96 9999
410 84 108 97 9999
411 84 148 97 9999
412 141 126 98 9999
413 48 65 98 9999
414 102 71 99 9999
415 39 59 99 9999
416 56 60 100 9999
417 16 124 101 9999
418 109 39 102 9999
419 0 28 118 9999
420 59 3 119 9999
421 131 64 120 9999
422 138 89 121 9999
423 126 67 121 9999
424 47 73 122 9999
425 37 131 122 9999
426 32 122 123 9999
427 31 75 123 9999
428 0 79 124 9999
429 140 4 124 9999
430 0 81 124 9999
431 63 57 125 9999
432 44 131 125 9999
433 31 3 125 9999
434 20 83 126 9999
435 32 131 126 9999
436 87 65 126 9999
437 46 75 126 9999
438 4 22 127 9999
439 142 51 127 9999
440 147 82 127 9999
441 84 81 127 9999
442 106 115 128 9999
443 7 8 128 9999
444 45 49 128 9999
445 12 97 128 9999
446 33 76 129 9999
447 4 77 129 9999
448 109 87 129 9999
449 132 32 129 9999
450 21 66 129 9999
451 13 10 130 9999
452 132 111 130 9999
453 85 136 130 9999
454 35 130 130 9999
455 90 33 130 9999
456 114 76 131 9999
457 16 70 131 9999
458 42 75 131 9999
459 78 139 131 9999
460 125 90 131 9999
461 86 60 131 9999
462 68 143 132 9999
463 137 28 132 9999
464 132 21 132 9999
465 60 55 132 9999
466 88 125 132 9999
467 65 70 132 9999
468 87 53 133 9999
469 108 122 133 9999
470 33 100 133 9999
471 57 147 133 9999
472 27 126 133 9999
473 119 121 133 9999
474 51 99 134 9999
475 110 78 134 9999
476 39 98 134 9999
477 138 10 134 9999
478 143 27 134 9999
479 90 126 134 9999
480 49 52 135 9999
481 31 137 135 9999
482 27 149 135 9999
483 57 16 135 9999
484 52 67 135 9999
485 41 85 135 9999
486 18 98 135 9999
487 134 45 136 9999
488 126 5 136 9999
489 16 28 136 9999
490 104 28 136 9999
491 8 143 136 9999
492 28 147 136 9999
493 55 22 136 9999
494 24 145 137 9999
495 50 125 137 9999
496 47 133 137 9999
497 112 127 137 9999
498 132 71 137 9999
499 143 34 137 9999
500 139 34 137 9999
501 21 59 138 9999
502 35 57 138 9999
503 104 11 138 9999
504 62 22 138 9999
505 91 16 138 9999
506 102 100 138 9999
507 62 32 138 9999
508 149 117 139 9999
509 54 23 139 9999
510 15 6 139 9999
511 51 114 139 9999
512 140 13 139 9999
513 91 122 139 9999
514 137 59 139 9999
515 28 21 140 9999
516 80 87 140 9999
517 56 40 140 9999
518 41 120 140 9999
519 102 115 140 9999
520 61 119 140 9999
521 67 11 140 9999
522 83 1 141 9999
523 62 50 141 9999
524 56 138 141 9999
525 117 114 141 9999
526 39 82 141 9999
527 104 75 141 9999
528 129 91 141 9999
529 62 38 142 9999
530 119 136 142 9999
531 20 56 142 9999
532 94 60 142 9999
533 149 64 142 9999
534 65 114 142 9999
535 126 86 142 9999
536 83 39 143 9999
537 19 85 143 9999
538 102 121 143 9999
539 43 90 143 9999
540 89 59 143 9999
541 31 73 143 9999
542 14 135 143 9999
543 148 45 144 9999
544 77 113 144 9999
545 83 98 144 9999
546 99 5 144 9999
547 5 43 144 9999
548 118 56 144 9999
549 10 33 144 9999
550 73 136 145 9999
551 21 58 145 9999
552 77 40 145 9999
553 45 81 145 9999
554 11 140 145 9999
555 73 100 145 9999
556 50 104 145 9999
557 75 64 146 9999
558 142 74 146 9999
559 109 69 146 9999
560 89 94 146 9999
561 69 38 146 9999
562 1 126 146 9999
563 133 119 146 9999
564 33 143 147 9999
565 54 106 147 9999
566 31 75 147 9999
567 66 11 147 9999
568 17 112 147 9999
569 92 29 147 9999
570 102 68 147 9999
571 31 2 148 9999
572 74 107 148 9999
573 118 66 148 9999
574 83 77 148 9999
575 37 22 148 9999
576 73 107 148 9999
577 112 75 148 9999
578 83 147 149 9999
579 96 18 149 9999
580 141 53 149 9999
581 26 74 149 9999
582 30 93 149 9999
583 85 48 149 9999
584 55 80 150 9999
585 129 59 150 9999
586 148 10 150 9999
587 62 124 150 9999
588 19 30 150 9999
589 41 102 150 9999
590 10 130 151 9999
591 26 83 151 9999
592 139 40 151 9999
593 8 73 151 9999
594 38 7 151 9999
595 143 81 151 9999
596 60 20 152 9999
597 5 90 152 9999
598 113 91 152 9999
599 138 70 152 9999
600 21 117 152 9999
601 129 71 153 9999
602 30 93 153 9999
603 45 49 153 9999
604 124 138 153 9999
605 54 36 153 9999
606 119 132 154 9999
607 119 10 154 9999
608 23 30 154 9999
609 83 113 154 9999
610 37 129 154 9999
611 44 149 155 9999
612 149 101 155 9999
613 89 14 155 9999
614 42 130 155 9999
615 136 115 156 9999
616 149 115 156 9999
617 36 81 156 9999
618 111 134 156 9999
619 33 137 157 9999
620 122 87 157 9999
621 23 143 157 9999
622 69 142 157 9999
623 4 144 158 9999
624 74 139 158 9999
625 9 13 158 9999
626 118 53 159 9999
627 12 19 159 9999
628 5 4 159 9999
629 33 99 160 9999
630 134 19 160 9999
631 65 35 161 9999
632 37 3 161 9999
633 19 50 162 9999
634 137 52 162 9999
635 37 12 163 9999
636 139 60 164 9999
637 5 110 165 9999
638 104 61 181 9999
639 7 29 182 9999
640 103 16 183 9999
641 42 71 184 9999
642 122 55 184 9999
643 143 29 185 9999
644 111 78 185 9999
645 128 147 186 9999
646 0 95 186 9999
647 32 37 186 9999
648 99 51 187 9999
649 139 86 187 9999
650 103 26 187 9999
651 98 144 188 9999
652 86 6 188 9999
653 7 92 188 9999
654 67 14 189 9999
655 121 20 189 9999
656 30 66 189 9999
657 144 54 189 9999
658 23 137 190 9999
659 83 134 190 9999
660 117 62 190 9999
661 131 117 190 9999
662 59 65 191 9999
663 56 8 191 9999
664 19 45 191 9999
665 95 122 191 9999
666 71 95 192 9999
667 19 59 192 9999
668 101 26 192 9999
669 2 71 192 9999
670 40 25 192 9999
671 143 122 193 9999
672 91 39 193 9999
673 27 16 193 9999
674 78 12 193 9999
675 0 46 193 9999
676 74 33 194 9999
677 13 36 194 9999
678 99 70 194 9999
679 44 118 194 9999
680 115 41 194 9999
681 142 89 194 9999
682 137 63 195 9999
683 148 140 195 9999
684 89 52 195 9999
685 113 31 195 9999
686 78 107 195 9999
687 4 71 195 9999
688 146 83 196 9999
689 88 75 196 9999
690 95 140 196 9999
691 121 72 196 9999
692 76 134 196 9999
693 108 25 196 9999
694 106 2 197 9999
695 45 72 197 9999
696 96 89 197 9999
697 11 83 197 9999
698 3 61 197 9999
699 125 92 197 9999
700 16 89 197 9999
701 124 94 198 9999
702 46 30 198 9999
703 67 94 198 9999
704 113 57 198 9999
705 19 110 198 9999
706 100 42 198 9999
707 32 26 198 9999
708 79 140 199 9999
709 103 35 199 9999
710 45 148 199 9999
711 107 141 199 9999
712 87 20 199 9999
713 126 90 199 9999
714 134 101 199 9999
715 33 0 200 9999
716 92 59 200 9999
717 146 40 200 9999
718 89 63 200 9999
719 135 104 200 9999
720 23 56 200 9999
721 64 123 200 9999
722 1 149 201 9999
723 51 80 201 9999
724 139 4 201 9999
725 115 86 201 9999
726 2 125 201 9999
727 129 141 201 9999
728 47 7 201 9999
729 134 31 202 9999
730 11 69 202 9999
731 31 103 202 9999
732 128 27 202 9999
733 144 119 202 9999
734 143 31 202 9999
735 73 68 202 9999
736 87 39 203 9999
737 93 88 203 9999
738 38 144 203 9999
739 70 80 203 9999
740 148 36 203 9999
741 68 52 203 9999
742 63 48 203 9999
743 95 110 204 9999
744 55 79 204 9999
745 142 66 204 9999
746 148 75 204 9999
747 72 28 204 9999
748 103 66 204 9999
749 147 148 204 9999
750 97 122 205 9999
751 66 86 205 9999
752 12 9 205 9999
753 77 50 205 9999
754 3 147 205 9999
755 32 53 205 9999
756 85 101 205 9999
757 7 148 206 9999
758 149 4 206 9999
759 11 106 206 9999
760 84 3 206 9999
761 75 134 206 9999
762 78 147 206 9999
763 13 83 206 9999
764 115 10 207 9999
765 81 114 207 9999
766 35 147 207 9999
767 50 47 207 9999
768 58 29 207 9999
769 149 113 207 9999
770 79 84 207 9999
771 16 14 208 9999
772 35 75 208 9999
773 65 86 208 9999
774 80 76 208 9999
775 42 66 208 9999
776 79 19 208 9999
777 102 59 208 9999
778 16 115 209 9999
779 45 33 209 9999
780 28 126 209 9999
781 147 63 209 9999
782 26 100 209 9999
783 12 136 209 9999
784 129 63 209 9999
785 100 58 210 9999
786 147 116 210 9999
787 125 32 210 9999
788 94 40 210 9999
789 20 76 210 9999
790 18 115 210 9999
791 44 149 210 9999
792 134 146 211 9999
793 58 53 211 9999
794 112 103 211 9999
795 86 42 211 9999
796 132 84 211 9999
797 7 60 211 9999
798 34 19 211 9999
799 46 65 212 9999
800 134 146 212 9999
801 124 132 212 9999
802 15 1 212 9999
803 66 11 212 9999
804 93 87 212 9999
805 87 111 213 9999
806 52 131 213 9999
807 110 88 213 9999
808 29 70 213 9999
809 141 43 213 9999
810 24 78 213 9999
811 85 58 214 9999
812 12 92 214 9999
813 20 46 214 9999
814 13 66 214 9999
815 111 50 214 9999
816 115 137 214 9999
817 84 32 215 9999
818 40 0 215 9999
819 43 133 215 9999
820 139 130 215 9999
821 94 93 215 9999
822 13 54 216 9999
823 32 94 216 9999
824 125 23 216 9999
825 138 51 216 9999
826 101 73 216 9999
827 11 15 217 9999
828 68 31 217 9999
829 113 133 217 9999
830 149 127 217 9999
831 85 114 217 9999
832 114 19 218 9999
833 146 57 218 9999
834 72 91 218 9999
835 40 61 218 9999
836 123 37 219 9999
837 57 136 219 9999
838 143 89 219 9999
839 81 20 219 9999
840 14 121 220 9999
841 71 18 220 9999
842 96 134 220 9999
843 33 14 221 9999
844 67 147 221 9999
845 50 67 221 9999
846 124 135 222 9999
847 83 140 222 9999
848 57 132 222 9999
849 99 129 223 9999
850 73 140 223 9999
851 92 47 224 9999
852 79 149 224 9999
853 85 72 225 9999
854 140 68 225 9999
855 93 5 226 9999
856 39 66 227 9999
857 75 136 228 9999
858 103 10 243 9999
859 52 20 244 9999
860 7 4 245 9999
861 87 33 246 9999
862 140 21 247 9999
863 76 47 247 9999
864 55 77 248 9999
865 78 128 248 9999
866 119 20 249 9999
867 77 48 249 9999
868 20 13 249 9999
869 121 10 250 9999
870 133 116 250 9999
871 67 23 250 9999
872 32 142 251 9999
873 61 135 251 9999
874 3 113 251 9999
875 58 62 252 9999
876 118 145 252 9999
877 148 10 252 9999
878 68 126 252 9999
879 109 123 253 9999
880 53 37 253 9999
881 4 23 253 9999
882 57 81 253 9999
883 123 129 254 9999
884 146 94 254 9999
885 42 130 254 9999
886 112 109 254 9999
887 55 47 254 9999
888 4 116 255 9999
889 84 59 255 9999
890 131 142 255 9999
891 23 1 255 9999
892 138 21 255 9999
893 63 108 256 9999
894 49 22 256 9999
895 134 5 256 9999
896 111 40 256 9999
897 80 71 256 9999
898 23 53 257 9999
899 50 20 257 9999
900 50 92 257 9999
901 52 12 257 9999
902 104 107 257 9999
903 59 108 257 9999
904 125 144 258 9999
905 17 8 258 9999
906 136 40 258 9999
907 10 26 258 9999
908 114 73 258 9999
909 37 65 258 9999
910 148 21 259 9999
911 70 109 259 9999
912 113 0 259 9999
913 82 136 259 9999
914 54 133 259 9999
915 58 6 259 9999
916 127 110 260 9999
917 18 81 260 9999
918 119 78 260 9999
919 91 146 260 9999
920 124 108 260 9999
921 5 110 260 9999
922 51 15 260 9999
923 39 67 261 9999
924 140 76 261 9999
925 132 138 261 9999
926 149 105 261 9999
927 0 112 261 9999
928 7 82 261 9999
929 98 61 261 9999
930 117 7 262 9999
931 119 147 262 9999
932 19 138 262 9999
933 78 139 262 9999
934 118 20 262 9999
935 135 92 262 9999
936 30 42 262 9999
937 104 133 263 9999
938 57 143 263 9999
939 50 100 263 9999
940 121 85 263 9999
941 88 120 263 9999
942 40 140 263 9999
943 134 47 263 9999
944 125 83 264 9999
945 11 144 264 9999
946 142 130 264 9999
947 141 63 264 9999
948 20 70 264 9999
949 104 138 264 9999
950 142 80 264 9999
951 22 34 265 9999
952 35 58 265 9999
953 144 80 265 9999
954 108 94 265 9999
955 52 95 265 9999
956 84 22 265 9999
957 37 75 265 9999
958 7 85 266 9999
959 102 142 266 9999
960 148 96 266 9999
961 36 30 266 9999
962 140 99 266 9999
963 51 112 266 9999
964 106 39 266 9999
965 104 98 267 9999
966 22 28 267 9999
967 132 57 267 9999
968 138 126 267 9999
969 137 97 267 9999
970 70 39 267 9999
971 94 5 267 9999
972 114 132 268 9999
973 132 23 268 9999
974 119 136 268 9999
975 15 117 268 9999
976 134 103 268 9999
977 49 124 268 9999
978 104 100 268 9999
979 86 60 269 9999
980 42 92 269 9999
981 8 64 269 9999
982 23 141 269 9999
983 121 11 269 9999
984 19 10 269 9999
985 10 90 269 9999
986 102 105 270 9999
987 147 66 270 9999
988 139 31 270 9999
989 89 108 270 9999
990 17 6 270 9999
991 75 1 270 9999
992 11 124 270 9999
993 28 115 271 9999
994 127 16 271 9999
995 26 19 271 9999
996 11 34 271 9999
997 83 86 271 9999
998 77 106 271 9999
999 149 97 271 9999
1000 116 10 272 9999
1001 89 120 272 9999
1002 17 86 272 9999
1003 36 58 272 9999
1004 117 27 272 9999
1005 16 36 272 9999
1006 85 143 272 9999
1007 37 96 273 9999
1008 19 117 273 9999
1009 62 146 273 9999
1010 134 140 273 9999
1011 67 145 273 9999
1012 24 0 273 9999
1013 81 102 273 9999
1014 8 80 274 9999
1015 101 125 274 9999
1016 142 40 274 9999
1017 147 61 274 9999
1018 126 34 274 9999
1019 119 145 274 9999
1020 113 135 274 9999
1021 31 101 275 9999
1022 30 120 275 9999
1023 47 50 275 9999
1024 88 11 275 9999
1025 46 124 275 9999
1026 1 114 275 9999
1027 119 78 276 9999
1028 16 102 276 9999
1029 82 25 276 9999
1030 32 33 276 9999
1031 52 77 276 9999
1032 73 49 276 9999
1033 40 101 277 9999
1034 135 10 277 9999
1035 96 99 277 9999
1036 47 29 277 9999
1037 102 78 277 9999
1038 149 128 277 9999
1039 139 63 278 9999
1040 76 113 278 9999
1041 116 40 278 9999
1042 134 44 278 9999
1043 109 86 278 9999
1044 126 134 279 9999
1045 21 9 279 9999
1046 88 0 279 9999
1047 134 39 279 9999
1048 40 85 279 9999
1049 25 50 280 9999
1050 31 26 280 9999
1051 0 112 280 9999
1052 128 78 280 9999
1053 14 29 280 9999
1054 108 3 281 9999
1055 144 34 281 9999
1056 19 111 281 9999
1057 127 55 281 9999
1058 57 86 282 9999
1059 142 34 282 9999
1060 122 65 282 9999
1061 95 60 282 9999
1062 65 132 283 9999
1063 99 7 283 9999
1064 67 26 283 9999
1065 58 1 284 9999
1066 52 110 284 9999
1067 113 82 284 9999
1068 38 127 285 9999
1069 14 146 285 9999
1070 33 8 285 9999
1071 30 104 286 9999
1072 119 7 286 9999
1073 9 27 287 9999
1074 145 1 287 9999
1075 113 117 288 9999
1076 118 110 289 9999
1077 79 85 290 9999
1078 92 81 291 9999
1079 93 62 306 9999
1080 107 53 307 9999
1081 63 62 308 9999
1082 13 78 309 9999
1083 46 51 309 9999
1084 56 60 310 9999
1085 99 141 310 9999
1086 69 31 311 9999
1087 95 90 311 9999
1088 39 104 312 9999
1089 19 86 312 9999
1090 8 132 312 9999
1091 54 126 313 9999
1092 145 133 313 9999
1093 114 87 313 9999
1094 64 57 314 9999
1095 51 74 314 9999
1096 110 114 314 9999
1097 38 123 315 9999
1098 43 84 315 9999
1099 76 1 315 9999
1100 145 25 315 9999
1101 44 116 316 9999
1102 56 139 316 9999
1103 56 147 316 9999
1104 145 76 316 9999
1105 84 3 317 9999
1106 110 40 317 9999
1107 32 105 317 9999
1108 23 48 317 9999
1109 95 140 317 9999
1110 105 146 318 9999
1111 116 117 318 9999
1112 13 4 318 9999
1113 90 108 318 9999
1114 140 68 318 9999
1115 11 135 319 9999
1116 93 55 319 9999
1117 101 51 319 9999
1118 44 60 319 9999
1119 101 91 319 9999
1120 38 35 320 9999
1121 147 148 320 9999
1122 75 81 320 9999
1123 6 0 320 9999
1124 129 101 320 9999
1125 42 84 320 9999
1126 149 60 321 9999
1127 51 64 321 9999
1128 64 43 321 9999
1129 22 55 321 9999
1130 111 33 321 9999
1131 92 106 321 9999
1132 140 96 322 9999
1133 59 86 322 9999
1134 58 10 322 9999
1135 28 96 322 9999
1136 97 25 322 9999
1137 94 74 322 9999
1138 106 100 323 9999
1139 75 85 323 9999
1140 103 19 323 9999
1141 71 5 323 9999
1142 80 24 323 9999
1143 69 46 323 9999
1144 67 144 323 9999
1145 3 80 324 9999
1146 79 96 324 9999
1147 36 70 324 9999
1148 94 95 324 9999
1149 58 2 324 9999
1150 8 86 324 9999
1151 98 105 324 9999
1152 13 94 325 9999
1153 30 21 325 9999
1154 97 7 325 9999
1155 8 50 325 9999
1156 78 79 325 9999
1157 107 8 325 9999
1158 103 79 325 9999
1159 107 72 326 9999
1160 125 110 326 9999
1161 2 54 326 9999
1162 108 90 326 9999
1163 26 52 326 9999
1164 36 85 326 9999
1165 106 96 326 9999
1166 73 54 327 9999
1167 51 87 327 9999
1168 51 133 327 9999
1169 10 148 327 9999
1170 42 19 327 9999
1171 100 121 327 9999
1172 0 58 327 9999
1173 31 6 328 9999
1174 137 138 328 9999
1175 78 112 328 9999
1176 1 133 328 9999
1177 68 109 328 9999
1178 73 95 328 9999
1179 64 11 328 9999
1180 82 72 329 9999
1181 107 57 329 9999
1182 29 61 329 9999
1183 144 80 329 9999
1184 44 57 329 9999
1185 78 87 329 9999
1186 76 28 329 9999
1187 110 128 330 9999
1188 86 141 330 9999
1189 134 125 330 9999
1190 32 115 330 9999
1191 139 33 330 9999
1192 98 58 330 9999
1193 44 73 330 9999
1194 55 10 331 9999
1195 85 39 331 9999
1196 83 94 331 9999
1197 96 112 331 9999
1198 5 143 331 9999
1199 42 50 331 9999
1200 50 120 331 9999
1201 39 28 332 9999
1202 50 149 332 9999
1203 6 137 332 9999
1204 42 141 332 9999
1205 14 74 332 9999
1206 8 4 332 9999
1207 9 8 332 9999
1208 114 54 333 9999
1209 81 19 333 9999
1210 116 68 333 9999
1211 110 49 333 9999
1212 13 56 333 9999
1213 63 18 333 9999
1214 49 105 333 9999
1215 120 1 334 9999
1216 127 61 334 9999
1217 29 28 334 9999
1218 112 36 334 9999
1219 67 5 334 9999
1220 79 133 334 9999
1221 79 139 334 9999
1222 137 89 335 9999
1223 147 3 335 9999
1224 45 130 335 9999
1225 74 11 335 9999
1226 49 34 335 9999
1227 61 114 335 9999
1228 143 26 335 9999
1229 34 42 336 9999
1230 132 57 336 9999
1231 96 11 336 9999
1232 118 125 336 9999
1233 91 81 336 9999
1234 63 60 336 9999
1235 86 44 336 9999
1236 44 67 337 9999
1237 85 83 337 9999
1238 58 82 337 9999
1239 87 103 337 9999
1240 115 63 337 9999
1241 17 14 337 9999
1242 98 130 337 9999
1243 30 91 338 9999
1244 6 64 338 9999
1245 35 138 338 9999
1246 23 131 338 9999
1247 52 142 338 9999
1248 9 45 338 9999
1249 125 124 339 9999
1250 106 113 339 9999
1251 71 52 339 9999
1252 30 6 339 9999
1253 135 141 339 9999
1254 89 124 339 9999
1255 94 106 340 9999
1256 38 111 340 9999
1257 120 38 340 9999
1258 91 52 340 9999
1259 129 98 340 9999
1260 18 66 340 9999
1261 138 42 341 9999
1262 100 92 341 9999
1263 34 109 341 9999
1264 138 61 341 9999
1265 135 146 341 9999
1266 24 56 342 9999
1267 48 106 342 9999
1268 63 85 342 9999
1269 97 54 342 9999
1270 112 94 342 9999
1271 10 52 343 9999
1272 107 32 343 9999
1273 90 101 343 9999
1274 136 121 343 9999
1275 49 4 343 9999
1276 89 46 344 9999
1277 39 84 344 9999
1278 132 50 344 9999
1279 72 43 344 9999
1280 36 68 345 9999
1281 119 92 345 9999
1282 18 76 345 9999
1283 57 103 345 9999
1284 75 13 346 9999
1285 65 19 346 9999
1286 75 19 346 9999
1287 127 9 347 9999
1288 109 130 347 9999
1289 145 132 347 9999
1290 81 0 348 9999
1291 72 20 348 9999
1292 46 13 348 9999
1293 6 29 349 9999
1294 64 78 349 9999
1295 124 100 350 9999
1296 48 94 350 9999
1297 94 118 351 9999
1298 72 54 352 9999
1299 72 147 353 9999
1300 67 39 354 9999
1301 69 143 369 9999
1302 59 98 370 9999
1303 54 70 371 9999
1304 78 50 372 9999
1305 105 9 372 9999
1306 50 79 373 9999
1307 81 148 373 9999
1308 92 88 374 9999
1309 27 6 374 9999
1310 68 54 375 9999
1311 8 19 375 9999
1312 148 103 375 9999
1313 137 70 376 9999
1314 7 111 376 9999
1315 119 126 376 9999
1316 53 90 377 9999
1317 21 14 377 9999
1318 38 76 377 9999
1319 136 116 377 9999
1320 126 91 378 9999
1321 27 78 378 9999
1322 72 109 378 9999
1323 76 15 378 9999
1324 99 104 379 9999
1325 73 17 379 9999
1326 8 82 379 9999
1327 88 58 379 9999
1328 87 76 380 9999
1329 30 94 380 9999
1330 89 51 380 9999
1331 122 142 380 9999
1332 142 144 380 9999
1333 6 30 381 9999
1334 122 143 381 9999
1335 49 98 381 9999
1336 136 128 381 9999
1337 26 59 381 9999
1338 87 102 382 9999
1339 126 88 382 9999
1340 108 49 382 9999
1341 8 18 382 9999
1342 131 96 382 9999
1343 128 120 383 9999
1344 74 8 383 9999
1345 64 14 383 9999
1346 112 89 383 9999
1347 6 104 383 9999
1348 135 65 383 9999
1349 134 107 384 9999
1350 110 85 384 9999
1351 107 96 384 9999
1352 64 133 384 9999
1353 5 53 384 9999
1354 137 33 384 9999
1355 142 148 385 9999
1356 83 0 385 9999
1357 68 116 385 9999
1358 96 99 385 9999
1359 87 21 385 9999
1360 9 53 385 9999
1361 87 121 386 9999
1362 142 93 386 9999
1363 75 127 386 9999
1364 60 112 386 9999
1365 136 20 386 9999
1366 47 93 386 9999
1367 117 111 386 9999
1368 128 24 387 9999
1369 67 116 387 9999
1370 58 59 387 9999
1371 16 43 387 9999
1372 59 136 387 9999
1373 9 57 387 9999
1374 85 96 387 9999
1375 130 95 388 9999
1376 52 67 388 9999
1377 66 96 388 9999
1378 63 142 388 9999
1379 74 123 388 9999
1380 6 60 388 9999
1381 144 53 388 9999
1382 56 13 389 9999
1383 67 34 389 9999
1384 89 134 389 9999
1385 52 49 389 9999
1386 43 68 389 9999
1387 92 4 389 9999
1388 55 4 389 9999
1389 113 42 390 9999
1390 2 94 390 9999
1391 137 54 390 9999
1392 11 106 390 9999
1393 1 126 390 9999
1394 98 127 390 9999
1395 100 104 390 9999
1396 89 146 391 9999
1397 59 145 391 9999
1398 61 126 391 9999
1399 30 52 391 9999
1400 12 82 391 9999
1401 102 107 391 9999
1402 53 96 391 9999
1403 111 10 392 9999
1404 100 127 392 9999
1405 52 103 392 9999
1406 71 40 392 9999
1407 7 134 392 9999
1408 48 60 392 9999
1409 111 48 392 9999
1410 37 113 393 9999
1411 54 127 393 9999
1412 11 113 393 9999
1413 24 124 393 9999
1414 142 54 393 9999
1415 26 4 393 9999
1416 39 128 393 9999
1417 14 92 394 9999
1418 75 27 394 9999
1419 102 77 394 9999
1420 4 30 394 9999
1421 75 96 394 9999
1422 90 60 394 9999
1423 144 0 394 9999
1424 73 42 395 9999
1425 90 88 395 9999
1426 96 119 395 9999
1427 99 112 395 9999
1428 143 125 395 9999
1429 104 48 395 9999
1430 1 10 395 9999
1431 87 32 396 9999
1432 24 29 396 9999
1433 9 52 396 9999
1434 33 86 396 9999
1435 56 37 396 9999
1436 117 34 396 9999
1437 36 109 396 9999
1438 146 30 397 9999
1439 109 69 397 9999
1440 125 101 397 9999
1441 7 123 397 9999
1442 70 8 397 9999
1443 85 64 397 9999
1444 133 39 397 9999
1445 14 36 398 9999
1446 102 3 398 9999
1447 68 126 398 9999
1448 32 77 398 9999
1449 80 117 398 9999
1450 66 137 398 9999
1451 4 33 398 9999
1452 21 92 399 9999
1453 44 17 399 9999
1454 25 55 399 9999
1455 138 0 399 9999
1456 7 47 399 9999
1457 123 77 399 9999
1458 107 59 399 9999
1459 43 142 400 9999
1460 0 57 400 9999
1461 28 102 400 9999
1462 60 97 400 9999
1463 131 144 400 9999
1464 76 61 400 9999
1465 111 142 401 9999
1466 48 18 401 9999
1467 77 121 401 9999
1468 110 121 401 9999
1469 40 37 401 9999
1470 79 80 401 9999
1471 37 86 402 9999
1472 29 63 402 9999
1473 13 136 402 9999
1474 24 109 402 9999
1475 128 24 402 9999
1476 16 59 402 9999
1477 29 77 403 9999
1478 58 10 403 9999
1479 71 134 403 9999
1480 123 85 403 9999
1481 29 74 403 9999
1482 103 8 403 9999
1483 45 115 404 9999
1484 32 138 404 9999
1485 3 111 404 9999
1486 68 92 404 9999
1487 47 0 404 9999
1488 5 112 405 9999
1489 136 81 405 9999
1490 71 17 405 9999
1491 8 88 405 9999
1492 76 37 405 9999
1493 67 134 406 9999
1494 99 40 406 9999
1495 20 72 406 9999
1496 27 101 406 9999
1497 146 32 407 9999
1498 110 94 407 9999
1499 148 142 407 9999
1500 82 53 407 9999
1501 103 52 408 9999
1502 47 52 408 9999
1503 104 105 408 9999
1504 14 91 408 9999
1505 36 138 409 9999
1506 10 44 409 9999
1507 128 138 409 9999
1508 133 45 410 9999
1509 122 134 410 9999
1510 137 44 410 9999
1511 57 15 411 9999
1512 146 105 411 9999
1513 47 106 412 9999
1514 49 97 412 9999
1515 0 33 413 9999
1516 52 103 413 9999
1517 138 100 414 9999
1518 5 92 415 9999
1519 55 71 416 9999
1520 85 91 432 9999
1521 111 95 433 9999
1522 38 89 434 9999
1523 83 73 435 9999
1524 36 107 435 9999
1525 58 76 436 9999
1526 2 115 436 9999
1527 91 50 437 9999
1528 70 40 437 9999
1529 58 22 438 9999
1530 138 58 438 9999
1531 107 40 438 9999
1532 11 95 439 9999
1533 140 68 439 9999
1534 90 97 439 9999
1535 41 25 440 9999
1536 91 3 440 9999
1537 23 129 440 9999
1538 144 8 440 9999
1539 52 83 441 9999
1540 116 110 441 9999
1541 9 20 441 9999
1542 127 100 441 9999
1543 122 100 442 9999
1544 140 30 442 9999
1545 24 30 442 9999
1546 88 131 442 9999
1547 71 99 443 9999
1548 129 113 443 9999
1549 69 61 443 9999
1550 12 146 443 9999
1551 54 67 443 9999
1552 19 33 444 9999
1553 62 28 444 9999
1554 137 145 444 9999
1555 46 0 444 9999
1556 4 66 444 9999
1557 29 6 445 9999
1558 38 129 445 9999
1559 146 68 445 9999
1560 55 79 445 9999
1561 58 37 445 9999
1562 0 7 446 9999
1563 68 15 446 9999
1564 128 137 446 9999
1565 128 140 446 9999
1566 35 32 446 9999
1567 58 55 446 9999
1568 117 22 447 9999
1569 135 7 447 9999
1570 69 31 447 9999
1571 7 73 447 9999
1572 149 36 447 9999
1573 79 89 447 9999
1574 68 127 448 9999
1575 7 123 448 9999
1576 56 65 448 9999
1577 62 108 448 9999
1578 124 130 448 9999
1579 26 4 448 9999
1580 19 56 449 9999
1581 46 55 449 9999
1582 89 6 449 9999
1583 12 108 449 9999
1584 28 147 449 9999
1585 115 97 449 9999
1586 80 122 449 9999
1587 72 79 450 9999
1588 61 53 450 9999
1589 18 31 450 9999
1590 83 77 450 9999
1591 56 41 450 9999
1592 44 119 450 9999
1593 52 70 450 9999
1594 1 78 451 9999
1595 126 73 451 9999
1596 134 22 451 9999
1597 30 125 451 9999
1598 29 94 451 9999
1599 84 109 451 9999
1600 91 49 451 9999
1601 109 73 452 9999
1602 74 31 452 9999
1603 2 135 452 9999
1604 137 72 452 9999
1605 16 70 452 9999
1606 51 124 452 9999
1607 111 95 452 9999
1608 93 65 453 9999
1609 67 147 453 9999
1610 143 43 453 9999
1611 122 30 453 9999
1612 117 54 453 9999
1613 57 146 453 9999
1614 148 141 453 9999
1615 8 89 454 9999
1616 93 117 454 9999
1617 12 17 454 9999
1618 50 66 454 9999
1619 54 37 454 9999
1620 40 122 454 9999
1621 9 91 454 9999
1622 96 23 455 9999
1623 88 92 455 9999
1624 88 5 455 9999
1625 89 82 455 9999
1626 100 113 455 9999
1627 14 67 455 9999
1628 17 71 455 9999
1629 116 15 456 9999
1630 115 124 456 9999
1631 6 58 456 9999
1632 91 70 456 9999
1633 75 141 456 9999
1634 38 129 456 9999
1635 81 78 456 9999
1636 101 90 457 9999
1637 19 47 457 9999
1638 113 9 457 9999
1639 41 52 457 9999
1640 66 32 457 9999
1641 36 16 457 9999
1642 145 50 457 9999
1643 135 64 458 9999
1644 23 101 458 9999
1645 79 138 458 9999
1646 127 137 458 9999
1647 46 68 458 9999
1648 57 23 458 9999
1649 112 95 458 9999
1650 54 43 459 9999
1651 75 57 459 9999
1652 35 146 459 9999
1653 105 149 459 9999
1654 5 48 459 9999
1655 103 123 459 9999
1656 81 139 459 9999
1657 139 76 460 9999
1658 91 27 460 9999
1659 141 114 460 9999
1660 30 122 460 9999
1661 5 8 460 9999
1662 110 51 460 9999
1663 76 69 460 9999
1664 127 90 461 9999
1665 15 31 461 9999
1666 133 142 461 9999
1667 89 19 461 9999
1668 139 96 461 9999
1669 70 46 461 9999
1670 144 23 461 9999
1671 20 75 462 9999
1672 64 61 462 9999
1673 54 5 462 9999
1674 88 45 462 9999
1675 21 119 462 9999
1676 69 26 462 9999
1677 127 29 462 9999
1678 130 105 463 9999
1679 99 107 463 9999
1680 46 16 463 9999
1681 138 81 463 9999
1682 8 129 463 9999
1683 2 49 463 9999
1684 75 124 464 9999
1685 96 122 464 9999
1686 147 116 464 9999
1687 47 61 464 9999
1688 27 101 464 9999
1689 118 116 464 9999
1690 48 140 465 9999
1691 137 118 465 9999
1692 16 49 465 9999
1693 146 121 465 9999
1694 148 5 465 9999
1695 69 66 465 9999
1696 46 1 466 9999
1697 127 25 466 9999
1698 55 26 466 9999
1699 3 30 466 9999
1700 122 125 466 9999
1701 79 88 466 9999
1702 22 43 467 9999
1703 18 26 467 9999
1704 11 36 467 9999
1705 126 1 467 9999
1706 23 94 467 9999
1707 70 39 468 9999
1708 46 118 468 9999
1709 62 96 468 9999
1710 124 132 468 9999
1711 13 20 468 9999
1712 35 140 469 9999
1713 97 142 469 9999
1714 68 100 469 9999
1715 22 93 469 9999
1716 75 4 470 9999
1717 83 0 470 9999
1718 47 101 470 9999
1719 78 58 470 9999
1720 137 54 471 9999
1721 112 62 471 9999
1722 51 32 471 9999
1723 101 97 471 9999
1724 52 66 472 9999
1725 43 26 472 9999
1726 100 108 472 9999
1727 98 37 473 9999
1728 0 98 473 9999
1729 29 69 473 9999
1730 48 104 474 9999
1731 12 26 474 9999
1732 108 147 475 9999
1733 78 5 475 9999
1734 99 58 476 9999
1735 63 86 476 9999
1736 14 77 477 9999
1737 51 65 478 9999
1738 109 54 479 9999
1739 64 12 495 9999
1740 120 10 496 9999
1741 90 70 497 9999
1742 118 91 498 9999
1743 107 21 498 9999
1744 39 90 499 9999
1745 139 143 499 9999
1746 4 67 500 9999
1747 3 1 500 9999
1748 47 8 501 9999
1749 2 105 501 9999
1750 123 141 501 9999
1751 22 51 502 9999
1752 42 139 502 9999
1753 62 96 502 9999
1754 54 126 503 9999
1755 119 116 503 9999
1756 119 39 503 9999
1757 84 60 503 9999
1758 49 105 504 9999
1759 1 140 504 9999
1760 97 42 504 9999
1761 133 3 504 9999
1762 12 38 505 9999
1763 57 111 505 9999
1764 46 111 505 9999
1765 119 71 505 9999
1766 102 141 506 9999
1767 24 46 506 9999
1768 130 87 506 9999
1769 143 86 506 9999
1770 115 112 506 9999
1771 52 84 507 9999
1772 53 39 507 9999
1773 46 4 507 9999
1774 46 47 507 9999
1775 144 46 507 9999
1776 142 29 508 9999
1777 49 56 508 9999
1778 67 8 508 9999
1779 17 15 508 9999
1780 22 136 508 9999
1781 87 124 508 9999
1782 127 111 509 9999
1783 21 108 509 9999
1784 100 66 509 9999
1785 96 66 509 9999
1786 80 149 509 9999
1787 0 35 509 9999
1788 38 47 510 9999
1789 40 84 510 9999
1790 146 86 510 9999
1791 130 40 510 9999
1792 116 82 510 9999
1793 96 85 510 9999
1794 142 114 511 9999
1795 101 14 511 9999
1796 2 90 511 9999
1797 41 130 511 9999
1798 103 114 511 9999
1799 140 54 511 9999
1800 30 86 512 9999
1801 22 12 512 9999
1802 137 22 512 9999
1803 47 25 512 9999
1804 121 139 512 9999
1805 110 20 512 9999
1806 76 142 512 9999
1807 60 42 513 9999
1808 74 59 513 9999
1809 29 119 513 9999
1810 75 130 513 9999
1811 133 77 513 9999
1812 70 24 513 9999
1813 109 24 513 9999
1814 138 99 514 9999
1815 130 70 514 9999
1816 88 2 514 9999
1817 82 75 514 9999
1818 76 32 514 9999
1819 101 48 514 9999
1820 21 113 514 9999
1821 120 97 515 9999
1822 7 82 515 9999
1823 41 134 515 9999
1824 141 71 515 9999
1825 103 66 515 9999
1826 103 138 515 9999
1827 46 76 515 9999
1828 13 5 516 9999
1829 2 53 516 9999
1830 7 132 516 9999
1831 26 95 516 9999
1832 36 108 516 9999
1833 20 112 516 9999
1834 42 23 516 9999
1835 62 64 517 9999
1836 38 32 517 9999
1837 63 98 517 9999
1838 115 7 517 9999
1839 82 8 517 9999
1840 78 87 517 9999
1841 127 83 517 9999
1842 75 23 518 9999
1843 9 140 518 9999
1844 28 11 518 9999
1845 96 35 518 9999
1846 45 122 518 9999
1847 32 81 518 9999
1848 132 105 518 9999
1849 96 25 519 9999
1850 128 8 519 9999
1851 89 69 519 9999
1852 93 54 519 9999
1853 17 110 519 9999
1854 61 1 519 9999
1855 20 41 519 9999
1856 88 147 520 9999
1857 125 13 520 9999
1858 20 36 520 9999
1859 56 101 520 9999
1860 48 2 520 9999
1861 38 145 520 9999
1862 124 123 520 9999
1863 129 106 521 9999
1864 78 75 521 9999
1865 131 108 521 9999
1866 135 122 521 9999
1867 79 130 521 9999
1868 27 96 521 9999
1869 90 140 521 9999
1870 97 13 522 9999
1871 32 87 522 9999
1872 10 7 522 9999
1873 101 83 522 9999
1874 43 7 522 9999
1875 86 143 522 9999
1876 9 26 522 9999
1877 139 35 523 9999
1878 149 118 523 9999
1879 141 77 523 9999
1880 95 123 523 9999
1881 88 80 523 9999
1882 147 17 523 9999
1883 113 24 523 9999
1884 16 105 524 9999
1885 15 118 524 9999
1886 99 103 524 9999
1887 129 106 524 9999
1888 106 114 524 9999
1889 51 15 524 9999
1890 50 97 524 9999
1891 76 138 525 9999
1892 111 76 525 9999
1893 8 102 525 9999
1894 55 103 525 9999
1895 127 143 525 9999
1896 85 125 525 9999
1897 11 48 525 9999
1898 51 27 526 9999
1899 56 118 526 9999
1900 42 24 526 9999
1901 67 47 526 9999
1902 3 23 526 9999
1903 3 117 526 9999
1904 127 18 527 9999
1905 69 126 527 9999
1906 94 146 527 9999
1907 114 55 527 9999
1908 124 122 527 9999
1909 60 29 527 9999
1910 127 37 528 9999
1911 75 114 528 9999
1912 64 86 528 9999
1913 65 116 528 9999
1914 15 121 528 9999
1915 84 109 528 9999
1916 145 2 529 9999
1917 7 51 529 9999
1918 77 10 529 9999
1919 70 106 529 9999
1920 81 140 529 9999
1921 82 25 530 9999
1922 38 46 530 9999
1923 133 12 530 9999
1924 70 43 530 9999
1925 41 99 530 9999
1926 132 116 531 9999
1927 116 47 531 9999
1928 104 31 531 9999
1929 13 21 531 9999
1930 54 149 531 9999
1931 131 101 532 9999
1932 1 40 532 9999
1933 2 131 532 9999
1934 102 125 532 9999
1935 87 33 533 9999
1936 115 20 533 9999
1937 111 55 533 9999
1938 118 146 533 9999
1939 67 91 534 9999
1940 39 10 534 9999
1941 92 73 534 9999
1942 29 58 534 9999
1943 120 133 535 9999
1944 141 35 535 9999
1945 57 97 535 9999
1946 87 90 536 9999
1947 49 88 536 9999
1948 130 103 536 9999
1949 121 134 537 9999
1950 78 59 537 9999
1951 70 95 538 9999
1952 131 83 538 9999
1953 0 1 539 9999
1954 79 119 539 9999
1955 92 20 540 9999
1956 130 87 541 9999
1957 93 9 542 9999
1958 47 116 558 9999
1959 44 39 559 9999
1960 53 3 560 9999
1961 38 140 561 9999
1962 93 87 561 9999
1963 131 125 562 9999
1964 41 102 562 9999
1965 12 21 563 9999
1966 63 82 563 9999
1967 117 44 563 9999
1968 15 19 564 9999
1969 46 94 564 9999
1970 139 40 564 9999
1971 114 21 565 9999
1972 127 109 565 9999
1973 30 25 565 9999
1974 75 126 566 9999
1975 116 31 566 9999
1976 130 4 566 9999
1977 21 125 566 9999
1978 92 54 567 9999
1979 3 35 567 9999
1980 7 15 567 9999
1981 56 122 567 9999
1982 97 75 568 9999
1983 17 14 568 9999
1984 95 63 568 9999
1985 108 136 568 9999
1986 103 124 569 9999
1987 7 81 569 9999
1988 83 89 569 9999
1989 8 61 569 9999
1990 117 124 569 9999
1991 92 149 570 9999
1992 128 15 570 9999
1993 125 122 570 9999
1994 122 30 570 9999
1995 7 31 570 9999
1996 45 116 571 9999
1997 3 142 571 9999
1998 41 20 571 9999
1999 58 38 571 9999
2000 135 16 571 9999
2001 24 89 571 9999
2002 42 83 572 9999
2003 72 27 572 9999
2004 22 132 572 9999
2005 88 42 572 9999
2006 106 82 572 9999
2007 41 136 572 9999
2008 0 68 573 9999
2009 109 122 573 9999
2010 98 18 573 9999
2011 55 45 573 9999
2012 134 58 573 9999
2013 89 78 573 9999
2014 79 147 574 9999
2015 116 64 574 9999
2016 65 43 574 9999
2017 55 107 574 9999
2018 126 29 574 9999
2019 135 51 574 9999
2020 11 125 574 9999
2021 145 19 575 9999
2022 110 36 575 9999
2023 6 12 575 9999
2024 7 17 575 9999
2025 36 7 575 9999
2026 35 91 575 9999
2027 53 72 575 9999
2028 149 142 576 9999
2029 0 130 576 9999
2030 140 18 576 9999
2031 97 55 576 9999
2032 61 54 576 9999
2033 65 90 576 9999
2034 84 50 576 9999
2035 43 147 577 9999
2036 77 38 577 9999
2037 17 37 577 9999
2038 74 23 577 9999
2039 101 133 577 9999
2040 40 137 577 9999
2041 141 127 577 9999
2042 78 96 578 9999
2043 101 130 578 9999
2044 88 3 578 9999
2045 110 130 578 9999
2046 22 109 578 9999
2047 36 135 578 9999
2048 14 3 578 9999
2049 127 0 579 9999
2050 105 20 579 9999
2051 147 32 579 9999
2052 58 14 579 9999
2053 122 35 579 9999
2054 37 73 579 9999
2055 18 129 579 9999
2056 61 9 580 9999
2057 139 7 580 9999
2058 110 119 580 9999
2059 96 16 580 9999
2060 132 128 580 9999
2061 38 91 580 9999
2062 66 75 580 9999
2063 7 69 581 9999
2064 53 7 581 9999
2065 24 125 581 9999
2066 5 57 581 9999
2067 34 19 581 9999
2068 81 69 581 9999
2069 109 4 581 9999
2070 139 140 582 9999
2071 65 51 582 9999
2072 51 107 582 9999
2073 58 12 582 9999
2074 128 56 582 9999
2075 28 110 582 9999
2076 35 118 582 9999
2077 104 101 583 9999
2078 95 111 583 9999
2079 21 50 583 9999
2080 119 45 583 9999
2081 26 4 583 9999
2082 112 45 583 9999
2083 85 31 583 9999
2084 56 90 584 9999
2085 20 99 584 9999
2086 57 123 584 9999
2087 0 66 584 9999
2088 32 64 584 9999
2089 45 140 584 9999
2090 92 57 584 9999
2091 25 112 585 9999
2092 63 29 585 9999
2093 110 77 585 9999
2094 50 10 585 9999
2095 46 147 585 9999
2096 88 124 585 9999
2097 54 50 585 9999
2098 71 139 586 9999
2099 81 128 586 9999
2100 131 4 586 9999
2101 129 91 586 9999
2102 127 129 586 9999
2103 7 61 586 9999
2104 44 104 586 9999
2105 52 38 587 9999
2106 64 129 587 9999
2107 53 29 587 9999
2108 8 13 587 9999
2109 106 110 587 9999
2110 75 54 587 9999
2111 10 14 587 9999
2112 28 64 588 9999
2113 64 100 588 9999
2114 53 48 588 9999
2115 130 87 588 9999
2116 104 109 588 9999
2117 28 133 588 9999
2118 88 87 588 9999
2119 45 34 589 9999
2120 94 149 589 9999
2121 73 8 589 9999
2122 128 28 589 9999
2123 37 39 589 9999
2124 41 46 589 9999
2125 149 18 590 9999
2126 100 9 590 9999
2127 32 129 590 9999
2128 73 149 590 9999
2129 79 29 590 9999
2130 47 59 590 9999
2131 116 53 591 9999
2132 70 46 591 9999
2133 36 8 591 9999
2134 133 95 591 9999
2135 77 132 591 9999
2136 70 137 591 9999
2137 13 98 592 9999
2138 77 52 592 9999
2139 41 123 592 9999
2140 103 59 592 9999
2141 125 113 592 9999
2142 92 104 593 9999
2143 88 143 593 9999
2144 85 19 593 9999
2145 92 46 593 9999
2146 37 145 593 9999
2147 116 83 594 9999
2148 31 27 594 9999
2149 119 15 594 9999
2150 122 98 594 9999
2151 49 42 594 9999
2152 138 62 595 9999
2153 140 65 595 9999
2154 114 31 595 9999
2155 90 120 595 9999
2156 142 65 596 9999
2157 83 136 596 9999
2158 72 73 596 9999
2159 129 7 596 9999
2160 145 71 597 9999
2161 54 32 597 9999
2162 118 72 597 9999
2163 18 52 598 9999
2164 99 39 598 9999
2165 119 71 598 9999
2166 39 18 599 9999
2167 15 27 599 9999
2168 133 5 599 9999
2169 144 149 600 9999
2170 88 84 600 9999
2171 119 133 601 9999
2172 52 104 601 9999
2173 119 124 602 9999
2174 28 99 602 9999
2175 33 23 603 9999
2176 72 139 604 9999
2177 107 93 605 9999
2178 62 125 620 9999
2179 145 63 621 9999
2180 66 114 622 9999
2181 37 106 623 9999
2182 34 52 624 9999
2183 133 17 624 9999
2184 110 30 625 9999
2185 17 100 625 9999
2186 16 136 626 9999
2187 83 68 626 9999
2188 91 53 626 9999
2189 94 21 627 9999
2190 54 128 627 9999
2191 96 28 627 9999
2192 117 105 628 9999
2193 121 29 628 9999
2194 133 18 628 9999
2195 93 49 629 9999
2196 34 32 629 9999
2197 5 69 629 9999
2198 84 41 629 9999
2199 138 44 630 9999
2200 71 57 630 9999
2201 47 139 630 9999
2202 44 130 630 9999
2203 58 37 631 9999
2204 85 54 631 9999
2205 110 139 631 9999
2206 32 108 631 9999
2207 70 0 631 9999
2208 63 41 632 9999
2209 81 46 632 9999
2210 112 76 632 9999
2211 96 146 632 9999
2212 108 3 632 9999
2213 117 95 633 9999
2214 44 106 633 9999
2215 41 17 633 9999
2216 13 88 633 9999
2217 59 109 633 9999
2218 69 19 634 9999
2219 48 56 634 9999
2220 73 8 634 9999
2221 98 106 634 9999
2222 116 18 634 9999
2223 8 82 634 9999
2224 111 141 635 9999
2225 128 73 635 9999
2226 68 126 635 9999
2227 70 78 635 9999
2228 130 37 635 9999
2229 23 76 635 9999
2230 45 65 636 9999
2231 146 59 636 9999
2232 3 55 636 9999
2233 70 124 636 9999
2234 74 119 636 9999
2235 83 147 636 9999
2236 127 31 637 9999
2237 5 146 637 9999
2238 49 13 637 9999
2239 78 10 637 9999
2240 57 108 637 9999
2241 136 125 637 9999
2242 85 108 637 9999
2243 53 65 638 9999
2244 47 129 638 9999
2245 141 93 638 9999
2246 44 137 638 9999
2247 54 99 638 9999
2248 94 124 638 9999
2249 126 18 638 9999
2250 145 59 639 9999
2251 68 25 639 9999
2252 142 73 639 9999
2253 21 41 639 9999
2254 139 1 639 9999
2255 103 46 639 9999
2256 109 141 639 9999
2257 73 44 640 9999
2258 99 28 640 9999
2259 11 147 640 9999
2260 59 3 640 9999
2261 90 103 640 9999
2262 42 46 640 9999
2263 105 39 640 9999
2264 72 133 641 9999
2265 57 68 641 9999
2266 94 27 641 9999
2267 93 86 641 9999
2268 3 16 641 9999
2269 29 142 641 9999
2270 17 132 641 9999
2271 90 28 642 9999
2272 124 65 642 9999
2273 73 125 642 9999
2274 145 84 642 9999
2275 122 55 642 9999
2276 139 114 642 9999
2277 60 84 642 9999
2278 10 15 643 9999
2279 123 135 643 9999
2280 50 82 643 9999
2281 53 144 643 9999
2282 110 146 643 9999
2283 132 113 643 9999
2284 12 11 643 9999
2285 7 81 644 9999
2286 144 149 644 9999
2287 109 20 644 9999
2288 116 84 644 9999
2289 145 111 644 9999
2290 71 20 644 9999
2291 16 112 644 9999
2292 36 77 645 9999
2293 46 99 645 9999
2294 144 71 645 9999
2295 84 45 645 9999
2296 56 137 645 9999
2297 91 16 645 9999
2298 35 74 645 9999
2299 31 99 646 9999
2300 137 90 646 9999
2301 30 131 646 9999
2302 141 41 646 9999
2303 53 107 646 9999
2304 126 101 646 9999
2305 68 47 646 9999
2306 23 137 647 9999
2307 61 59 647 9999
2308 64 10 647 9999
2309 8 110 647 9999
2310 81 144 647 9999
2311 57 137 647 9999
2312 33 149 647 9999
2313 55 68 648 9999
2314 125 138 648 9999
2315 17 112 648 9999
2316 78 99 648 9999
2317 146 69 648 9999
2318 141 101 648 9999
2319 78 19 648 9999
2320 104 147 649 9999
2321 118 127 649 9999
2322 134 29 649 9999
2323 89 100 649 9999
2324 39 149 649 9999
2325 60 23 649 9999
2326 144 118 649 9999
2327 62 27 650 9999
2328 19 20 650 9999
2329 96 46 650 9999
2330 8 15 650 9999
2331 60 139 650 9999
2332 17 56 650 9999
2333 110 8 650 9999
2334 60 39 651 9999
2335 79 14 651 9999
2336 88 47 651 9999
2337 142 124 651 9999
2338 128 81 651 9999
2339 74 18 651 9999
2340 80 36 651 9999
2341 93 126 652 9999
2342 56 5 652 9999
2343 4 127 652 9999
2344 77 2 652 9999
2345 75 86 652 9999
2346 69 136 652 9999
2347 127 86 653 9999
2348 94 87 653 9999
2349 94 4 653 9999
2350 126 23 653 9999
2351 19 116 653 9999
2352 122 63 653 9999
2353 90 101 654 9999
2354 46 66 654 9999
2355 21 28 654 9999
2356 5 114 654 9999
2357 5 61 654 9999
2358 21 61 654 9999
2359 91 99 655 9999
2360 63 16 655 9999
2361 87 132 655 9999
2362 54 64 655 9999
2363 121 149 655 9999
2364 1 65 656 9999
2365 55 30 656 9999
2366 141 126 656 9999
2367 146 15 656 9999
2368 39 87 656 9999
2369 116 137 657 9999
2370 3 39 657 9999
2371 16 8 657 9999
2372 55 73 657 9999
2373 122 77 657 9999
2374 36 115 658 9999
2375 78 1 658 9999
2376 33 15 658 9999
2377 133 88 658 9999
2378 79 6 659 9999
2379 139 132 659 9999
2380 72 44 659 9999
2381 12 115 659 9999
2382 21 9 660 9999
2383 32 112 660 9999
2384 96 51 660 9999
2385 100 1 661 9999
2386 90 18 661 9999
2387 62 146 661 9999
2388 143 86 662 9999
2389 125 29 662 9999
2390 103 53 662 9999
2391 30 136 663 9999
2392 68 65 663 9999
2393 126 49 664 9999
2394 72 115 664 9999
2395 31 46 665 9999
2396 10 44 666 9999
2397 63 31 667 9999
2398 105 95 668 9999
2399 143 103 683 9999
2400 146 145 684 9999
2401 104 139 685 9999
2402 13 68 686 9999
2403 135 58 686 9999
2404 56 110 687 9999
2405 87 9 687 9999
2406 65 117 688 9999
2407 146 133 688 9999
2408 33 122 689 9999
2409 84 7 689 9999
2410 88 115 689 9999
2411 53 0 690 9999
2412 9 116 690 9999
2413 83 114 690 9999
2414 61 128 691 9999
2415 119 110 691 9999
2416 124 74 691 9999
2417 99 39 692 9999
2418 44 84 692 9999
2419 98 101 692 9999
2420 96 35 692 9999
2421 110 11 693 9999
2422 55 8 693 9999
2423 46 140 693 9999
2424 131 130 693 9999
2425 147 121 694 9999
2426 147 50 694 9999
2427 23 59 694 9999
2428 68 106 694 9999
2429 75 31 694 9999
2430 84 45 695 9999
2431 141 110 695 9999
2432 119 90 695 9999
2433 0 65 695 9999
2434 76 0 695 9999
2435 16 74 696 9999
2436 35 127 696 9999
2437 137 142 696 9999
2438 37 33 696 9999
2439 132 18 696 9999
2440 65 129 697 9999
2441 41 63 697 9999
2442 81 64 697 9999
2443 122 149 697 9999
2444 20 99 697 9999
2445 31 7 697 9999
2446 144 22 698 9999
2447 117 15 698 9999
2448 15 117 698 9999
2449 81 143 698 9999
2450 117 97 698 9999
2451 68 55 698 9999
2452 126 55 699 9999
2453 47 14 699 9999
2454 141 82 699 9999
2455 84 56 699 9999
2456 61 28 699 9999
2457 21 45 699 9999
2458 92 45 700 9999
2459 44 15 700 9999
2460 145 127 700 9999
2461 22 139 700 9999
2462 52 139 700 9999
2463 5 67 700 9999
2464 9 86 700 9999
2465 60 28 701 9999
2466 85 30 701 9999
2467 135 114 701 9999
2468 86 85 701 9999
2469 30 77 701 9999
2470 17 114 701 9999
2471 35 130 701 9999
2472 142 109 702 9999
2473 25 137 702 9999
2474 4 122 702 9999
2475 2 51 702 9999
2476 99 76 702 9999
2477 41 1 702 9999
2478 117 98 702 9999
2479 120 126 703 9999
2480 86 83 703 9999
2481 57 21 703 9999
2482 113 42 703 9999
2483 37 101 703 9999
2484 29 67 703 9999
2485 80 46 703 9999
2486 32 116 704 9999
2487 27 76 704 9999
2488 127 104 704 9999
2489 63 131 704 9999
2490 76 117 704 9999
2491 85 78 704 9999
2492 43 28 704 9999
2493 131 11 705 9999
2494 126 4 705 9999
2495 39 62 705 9999
2496 87 96 705 9999
2497 135 102 705 9999
2498 41 75 705 9999
2499 54 70 705 9999
2500 142 134 706 9999
2501 117 24 706 9999
2502 2 46 706 9999
2503 3 129 706 9999
2504 0 66 706 9999
2505 13 129 706 9999
2506 86 98 706 9999
2507 57 129 707 9999
2508 126 38 707 9999
2509 140 4 707 9999
2510 42 30 707 9999
2511 118 31 707 9999
2512 28 5 707 9999
2513 134 69 707 9999
2514 80 90 708 9999
2515 42 73 708 9999
2516 126 9 708 9999
2517 149 31 708 9999
2518 107 2 708 9999
2519 10 9 708 9999
2520 121 75 708 9999
2521 138 57 709 9999
2522 23 45 709 9999
2523 88 51 709 9999
2524 136 131 709 9999
2525 55 80 709 9999
2526 63 23 709 9999
2527 112 91 709 9999
2528 29 148 710 9999
2529 63 109 710 9999
2530 140 105 710 9999
2531 32 116 710 9999
2532 16 84 710 9999
2533 147 123 710 9999
2534 86 60 710 9999
2535 34 109 711 9999
2536 135 23 711 9999
2537 68 61 711 9999
2538 120 7 711 9999
2539 112 8 711 9999
2540 138 18 711 9999
2541 89 51 711 9999
2542 93 103 712 9999
2543 44 24 712 9999
2544 101 9 712 9999
2545 134 143 712 9999
2546 114 68 712 9999
2547 109 32 712 9999
2548 2 9 712 9999
2549 57 141 713 9999
2550 69 92 713 9999
2551 2 106 713 9999
2552 115 71 713 9999
2553 17 137 713 9999
2554 130 32 713 9999
2555 146 118 713 9999
2556 102 85 714 9999
2557 71 45 714 9999
2558 90 17 714 9999
2559 70 41 714 9999
2560 27 106 714 9999
2561 86 43 714 9999
2562 76 45 714 9999
2563 76 79 715 9999
2564 106 35 715 9999
2565 122 77 715 9999
2566 127 124 715 9999
2567 86 144 715 9999
2568 97 103 715 9999
2569 132 77 716 9999
2570 37 30 716 9999
2571 97 139 716 9999
2572 115 70 716 9999
2573 87 55 716 9999
2574 88 59 716 9999
2575 148 17 717 9999
2576 15 84 717 9999
2577 112 91 717 9999
2578 31 90 717 9999
2579 72 40 717 9999
2580 126 96 717 9999
2581 117 5 718 9999
2582 71 105 718 9999
2583 0 18 718 9999
2584 59 34 718 9999
2585 148 64 718 9999
2586 95 138 719 9999
2587 81 16 719 9999
2588 127 38 719 9999
2589 6 36 719 9999
2590 88 75 719 9999
2591 103 74 720 9999
2592 37 96 720 9999
2593 7 128 720 9999
2594 19 47 720 9999
2595 104 17 720 9999
2596 67 11 721 9999
2597 88 22 721 9999
2598 11 9 721 9999
2599 133 97 721 9999
2600 7 132 722 9999
2601 63 4 722 9999
2602 22 144 722 9999
2603 20 51 722 9999
2604 84 78 723 9999
2605 87 22 723 9999
2606 3 92 723 9999
2607 96 41 724 9999
2608 38 104 724 9999
2609 71 109 724 9999
2610 1 77 725 9999
2611 127 120 725 9999
2612 88 117 725 9999
2613 143 2 726 9999
2614 28 99 726 9999
2615 35 10 727 9999
2616 65 92 727 9999
2617 84 59 728 9999
2618 14 135 729 9999
2619 46 93 730 9999
2620 124 68 731 9999
2621 148 66 746 9999
2622 15 91 747 9999
2623 7 21 748 9999
2624 12 18 749 9999
2625 74 141 749 9999
2626 145 45 750 9999
2627 80 15 750 9999
2628 90 82 751 9999
2629 43 118 751 9999
2630 83 131 752 9999
2631 31 148 752 9999
2632 73 17 752 9999
2633 110 139 753 9999
2634 3 6 753 9999
2635 82 127 753 9999
2636 74 81 754 9999
2637 96 141 754 9999
2638 74 103 754 9999
2639 64 87 754 9999
2640 23 139 755 9999
2641 78 71 755 9999
2642 86 60 755 9999
2643 86 26 755 9999
2644 142 31 756 9999
2645 46 128 756 9999
2646 64 129 756 9999
2647 126 39 756 9999
2648 147 86 757 9999
2649 29 52 757 9999
2650 144 111 757 9999
2651 81 69 757 9999
2652 94 27 757 9999
2653 112 19 758 9999
2654 32 27 758 9999
2655 8 56 758 9999
2656 68 138 758 9999
2657 127 4 758 9999
2658 49 115 759 9999
2659 82 93 759 9999
2660 146 30 759 9999
2661 123 61 759 9999
2662 10 100 759 9999
2663 100 59 760 9999
2664 88 129 760 9999
2665 111 83 760 9999
2666 143 94 760 9999
2667 54 139 760 9999
2668 24 68 760 9999
2669 60 56 761 9999
2670 147 68 761 9999
2671 14 65 761 9999
2672 109 43 761 9999
2673 69 8 761 9999
2674 60 1 761 9999
2675 3 109 762 9999
2676 84 127 762 9999
2677 72 146 762 9999
2678 129 74 762 9999
2679 55 119 762 9999
2680 54 68 762 9999
2681 104 99 763 9999
2682 12 60 763 9999
2683 140 36 763 9999
2684 129 51 763 9999
2685 145 126 763 9999
2686 119 61 763 9999
2687 42 130 763 9999
2688 7 13 764 9999
2689 40 67 764 9999
2690 67 44 764 9999
2691 78 1 764 9999
2692 73 0 764 9999
2693 147 52 764 9999
2694 75 52 764 9999
2695 73 31 765 9999
2696 22 28 765 9999
2697 130 86 765 9999
2698 88 120 765 9999
2699 123 67 765 9999
2700 21 20 765 9999
2701 96 43 765 9999
2702 133 40 766 9999
2703 75 140 766 9999
2704 53 116 766 9999
2705 110 120 766 9999
2706 62 38 766 9999
2707 23 135 766 9999
2708 39 20 766 9999
2709 89 16 767 9999
2710 124 12 767 9999
2711 47 146 767 9999
2712 40 27 767 9999
2713 135 31 767 9999
2714 49 10 767 9999
2715 0 123 767 9999
2716 30 96 768 9999
2717 68 65 768 9999
2718 136 143 768 9999
2719 56 92 768 9999
2720 11 68 768 9999
2721 114 73 768 9999
2722 8 138 768 9999
2723 58 99 769 9999
2724 8 49 769 9999
2725 115 35 769 9999
2726 114 12 769 9999
2727 83 4 769 9999
2728 91 68 769 9999
2729 87 43 769 9999
2730 78 88 770 9999
2731 16 10 770 9999
2732 34 136 770 9999
2733 76 73 770 9999
2734 31 34 770 9999
2735 15 43 770 9999
2736 102 129 770 9999
2737 116 110 771 9999
2738 117 77 771 9999
2739 112 28 771 9999
2740 126 77 771 9999
2741 63 90 771 9999
2742 90 48 771 9999
2743 147 31 771 9999
2744 117 84 772 9999
2745 74 45 772 9999
2746 74 142 772 9999
2747 108 109 772 9999
2748 30 34 772 9999
2749 84 62 772 9999
2750 68 99 772 9999
2751 7 72 773 9999
2752 130 123 773 9999
2753 84 0 773 9999
2754 102 46 773 9999
2755 80 131 773 9999
2756 124 45 773 9999
2757 123 116 773 9999
2758 93 22 774 9999
2759 147 60 774 9999
2760 107 124 774 9999
2761 8 31 774 9999
2762 18 116 774 9999
2763 42 49 774 9999
2764 52 126 774 9999
2765 13 22 775 9999
2766 127 20 775 9999
2767 94 10 775 9999
2768 45 28 775 9999
2769 10 50 775 9999
2770 127 90 775 9999
2771 31 3 775 9999
2772 37 4 776 9999
2773 119 130 776 9999
2774 27 18 776 9999
2775 93 36 776 9999
2776 44 3 776 9999
2777 119 63 776 9999
2778 21 64 776 9999
2779 14 73 777 9999
2780 92 79 777 9999
2781 95 70 777 9999
2782 1 91 777 9999
2783 80 98 777 9999
2784 21 142 777 9999
2785 148 134 778 9999
2786 29 1 778 9999
2787 21 86 778 9999
2788 22 53 778 9999
2789 15 41 778 9999
2790 146 103 778 9999
2791 85 149 779 9999
2792 124 50 779 9999
2793 72 38 779 9999
2794 64 145 779 9999
2795 131 143 779 9999
2796 142 103 779 9999
2797 46 83 780 9999
2798 85 145 780 9999
2799 7 77 780 9999
2800 143 5 780 9999
2801 61 75 780 9999
2802 59 134 780 9999
2803 63 81 781 9999
2804 37 78 781 9999
2805 24 86 781 9999
2806 83 110 781 9999
2807 137 57 781 9999
2808 10 60 782 9999
2809 96 127 782 9999
2810 107 129 782 9999
2811 22 2 782 9999
2812 134 69 782 9999
2813 137 69 783 9999
2814 64 144 783 9999
2815 48 57 783 9999
2816 52 11 783 9999
2817 132 111 784 9999
2818 145 45 784 9999
2819 94 84 784 9999
2820 25 119 784 9999
2821 20 108 785 9999
2822 79 8 785 9999
2823 68 141 785 9999
2824 120 14 785 9999
2825 118 77 786 9999
2826 45 141 786 9999
2827 79 29 786 9999
2828 112 67 787 9999
2829 0 26 787 9999
2830 61 48 787 9999
2831 83 15 788 9999
2832 59 118 788 9999
2833 126 54 789 9999
2834 65 123 789 9999
2835 40 143 790 9999
2836 92 61 790 9999
2837 3 73 791 9999
2838 69 71 792 9999
2839 116 39 793 9999
2840 137 85 809 9999
2841 18 32 810 9999
2842 128 98 811 9999
2843 113 90 812 9999
2844 67 113 812 9999
2845 18 30 813 9999
2846 63 3 813 9999
2847 46 122 814 9999
2848 121 74 814 9999
2849 78 89 815 9999
2850 47 119 815 9999
2851 82 139 815 9999
2852 82 137 816 9999
2853 114 1 816 9999
2854 59 81 816 9999
2855 92 46 817 9999
2856 68 12 817 9999
2857 131 98 817 9999
2858 12 94 817 9999
2859 90 79 818 9999
2860 110 108 818 9999
2861 12 75 818 9999
2862 13 110 818 9999
2863 48 135 819 9999
2864 34 28 819 9999
2865 126 82 819 9999
2866 49 110 819 9999
2867 123 131 820 9999
2868 97 140 820 9999
2869 34 6 820 9999
2870 123 28 820 9999
2871 53 41 820 9999
2872 41 86 821 9999
2873 41 53 821 9999
2874 82 131 821 9999
2875 35 94 821 9999
2876 141 47 821 9999
2877 20 4 822 9999
2878 7 120 822 9999
2879 41 93 822 9999
2880 148 69 822 9999
2881 25 48 822 9999
2882 29 51 823 9999
2883 29 127 823 9999
2884 93 116 823 9999
2885 35 66 823 9999
2886 144 140 823 9999
2887 107 35 823 9999
2888 76 50 824 9999
2889 89 9 824 9999
2890 83 26 824 9999
2891 103 126 824 9999
2892 73 123 824 9999
2893 32 132 824 9999
2894 93 74 825 9999
2895 75 144 825 9999
2896 143 3 825 9999
2897 94 75 825 9999
2898 106 25 825 9999
2899 104 49 825 9999
2900 141 139 826 9999
2901 115 136 826 9999
2902 130 124 826 9999
2903 21 108 826 9999
2904 24 12 826 9999
2905 19 9 826 9999
2906 38 123 826 9999
2907 135 13 827 9999
2908 148 17 827 9999
2909 145 144 827 9999
2910 143 123 827 9999
2911 40 137 827 9999
2912 28 134 827 9999
2913 114 134 827 9999
2914 9 68 828 9999
2915 85 1 828 9999
2916 57 102 828 9999
2917 137 89 828 9999
2918 76 60 828 9999
2919 48 2 828 9999
2920 73 119 828 9999
2921 11 111 829 9999
2922 92 48 829 9999
2923 125 143 829 9999
2924 65 22 829 9999
2925 39 59 829 9999
2926 47 79 829 9999
2927 98 75 829 9999
2928 115 62 830 9999
2929 111 124 830 9999
2930 32 46 830 9999
2931 27 89 830 9999
2932 148 66 830 9999
2933 81 126 830 9999
2934 127 31 830 9999
2935 30 50 831 9999
2936 0 93 831 9999
2937 63 145 831 9999
2938 141 90 831 9999
2939 40 109 831 9999
2940 15 79 831 9999
2941 18 62 831 9999
2942 60 18 832 9999
2943 40 25 832 9999
2944 80 1 832 9999
2945 51 112 832 9999
2946 48 131 832 9999
2947 103 98 832 9999
2948 47 86 832 9999
2949 127 24 833 9999
2950 117 7 833 9999
2951 126 20 833 9999
2952 101 92 833 9999
2953 15 144 833 9999
2954 32 55 833 9999
2955 103 99 833 9999
2956 36 23 834 9999
2957 12 148 834 9999
2958 41 52 834 9999
2959 75 23 834 9999
2960 105 28 834 9999
2961 37 3 834 9999
2962 9 141 834 9999
2963 4 57 835 9999
2964 77 131 835 9999
2965 133 97 835 9999
2966 40 110 835 9999
2967 117 43 835 9999
2968 52 34 835 9999
2969 90 136 835 9999
2970 141 43 836 9999
2971 86 27 836 9999
2972 67 0 836 9999
2973 25 10 836 9999
2974 104 2 836 9999
2975 34 59 836 9999
2976 30 71 836 9999
2977 115 40 837 9999
2978 114 21 837 9999
2979 149 94 837 9999
2980 54 132 837 9999
2981 41 94 837 9999
2982 92 60 837 9999
2983 40 46 837 9999
2984 94 130 838 9999
2985 85 75 838 9999
2986 73 14 838 9999
2987 142 73 838 9999
2988 91 55 838 9999
2989 27 93 838 9999
2990 89 138 838 9999
2991 123 10 839 9999
2992 103 65 839 9999
2993 27 26 839 9999
2994 64 121 839 9999
2995 80 47 839 9999
2996 12 25 839 9999
2997 41 72 839 9999
2998 117 140 840 9999
2999 68 97 840 9999
3000 75 3 840 9999
3001 22 148 840 9999
3002 69 67 840 9999
3003 123 10 840 9999
3004 122 52 841 9999
3005 5 113 841 9999
3006 40 128 841 9999
3007 25 46 841 9999
3008 96 52 841 9999
3009 72 10 841 9999
3010 23 3 842 9999
3011 57 87 842 9999
3012 80 1 842 9999
3013 61 47 842 9999
3014 141 129 842 9999
3015 46 66 842 9999
3016 34 120 843 9999
3017 116 103 843 9999
3018 89 15 843 9999
3019 113 141 843 9999
3020 20 76 843 9999
3021 31 51 844 9999
3022 4 129 844 9999
3023 147 56 844 9999
3024 52 7 844 9999
3025 132 107 844 9999
3026 117 69 845 9999
3027 89 118 845 9999
3028 131 136 845 9999
3029 109 110 845 9999
3030 84 77 845 9999
3031 47 54 846 9999
3032 43 0 846 9999
3033 144 132 846 9999
3034 68 107 846 9999
3035 123 88 847 9999
3036 86 56 847 9999
3037 41 90 847 9999
3038 36 38 847 9999
3039 146 140 848 9999
3040 98 128 848 9999
3041 97 65 848 9999
3042 100 88 848 9999
3043 33 81 849 9999
3044 126 44 849 9999
3045 93 60 849 9999
3046 121 140 850 9999
3047 16 14 850 9999
3048 43 10 850 9999
3049 48 111 851 9999
3050 20 21 851 9999
3051 101 8 852 9999
3052 129 143 852 9999
3053 98 15 853 9999
3054 31 146 853 9999
3055 57 129 854 9999
3056 27 56 855 9999
3057 96 127 856 9999
3058 144 31 872 9999
3059 110 120 873 9999
3060 75 53 874 9999
3061 30 98 875 9999
3062 44 99 875 9999
3063 14 139 876 9999
3064 11 62 876 9999
3065 100 31 877 9999
3066 135 103 877 9999
3067 39 115 878 9999
3068 96 39 878 9999
3069 32 30 878 9999
3070 36 142 879 9999
3071 61 63 879 9999
3072 48 8 879 9999
3073 92 43 880 9999
3074 91 52 880 9999
3075 65 17 880 9999
3076 105 148 880 9999
3077 17 51 881 9999
3078 97 84 881 9999
3079 40 108 881 9999
3080 146 42 881 9999
3081 42 34 882 9999
3082 146 133 882 9999
3083 51 144 882 9999
3084 23 135 882 9999
3085 24 59 883 9999
3086 127 86 883 9999
3087 24 26 883 9999
3088 146 116 883 9999
3089 121 139 883 9999
3090 18 36 884 9999
3091 58 123 884 9999
3092 86 76 884 9999
3093 77 33 884 9999
3094 10 117 884 9999
3095 44 58 885 9999
3096 62 86 885 9999
3097 92 58 885 9999
3098 69 45 885 9999
3099 52 92 885 9999
3100 31 129 885 9999
3101 53 8 886 9999
3102 117 77 886 9999
3103 86 15 886 9999
3104 95 57 886 9999
3105 4 113 886 9999
3106 146 63 886 9999
3107 139 82 887 9999
3108 139 66 887 9999
3109 18 51 887 9999
3110 85 62 887 9999
3111 109 49 887 9999
3112 50 104 887 9999
3113 107 119 888 9999
3114 149 62 888 9999
3115 114 30 888 9999
3116 41 69 888 9999
3117 91 60 888 9999
3118 49 27 888 9999
3119 75 144 889 9999
3120 137 79 889 9999
3121 10 35 889 9999
3122 142 149 889 9999
3123 19 33 889 9999
3124 117 37 889 9999
3125 84 104 889 9999
3126 1 96 890 9999
3127 4 51 890 9999
3128 50 13 890 9999
3129 73 101 890 9999
3130 75 37 890 9999
3131 34 18 890 9999
3132 106 125 890 9999
3133 78 5 891 9999
3134 54 3 891 9999
3135 52 41 891 9999
3136 135 62 891 9999
3137 76 127 891 9999
3138 61 148 891 9999
3139 63 80 891 9999
3140 35 147 892 9999
3141 86 89 892 9999
3142 145 90 892 9999
3143 140 45 892 9999
3144 6 63 892 9999
3145 147 133 892 9999
3146 2 31 892 9999
3147 2 109 893 9999
3148 58 132 893 9999
3149 16 112 893 9999
3150 38 68 893 9999
3151 4 23 893 9999
3152 130 132 893 9999
3153 52 93 893 9999
3154 32 115 894 9999
3155 75 68 894 9999
3156 15 64 894 9999
3157 7 10 894 9999
3158 56 49 894 9999
3159 56 62 894 9999
3160 15 105 894 9999
3161 46 17 895 9999
3162 38 100 895 9999
3163 126 96 895 9999
3164 82 45 895 9999
3165 110 120 895 9999
3166 15 16 895 9999
3167 143 48 895 9999
3168 51 46 896 9999
3169 43 83 896 9999
3170 11 21 896 9999
3171 1 78 896 9999
3172 85 60 896 9999
3173 89 141 896 9999
3174 12 47 896 9999
3175 54 27 897 9999
3176 2 100 897 9999
3177 44 92 897 9999
3178 50 73 897 9999
3179 90 34 897 9999
3180 20 50 897 9999
3181 5 35 897 9999
3182 67 50 898 9999
3183 83 118 898 9999
3184 96 29 898 9999
3185 51 10 898 9999
3186 50 105 898 9999
3187 88 135 898 9999
3188 67 79 898 9999
3189 126 79 899 9999
3190 126 82 899 9999
3191 8 128 899 9999
3192 84 53 899 9999
3193 122 36 899 9999
3194 28 62 899 9999
3195 71 48 899 9999
3196 113 76 900 9999
3197 135 30 900 9999
3198 28 121 900 9999
3199 148 125 900 9999
3200 0 101 900 9999
3201 37 50 900 9999
3202 56 27 900 9999
3203 87 26 901 9999
3204 107 115 901 9999
3205 105 83 901 9999
3206 48 16 901 9999
3207 114 132 901 9999
3208 69 86 901 9999
3209 19 149 901 9999
3210 149 142 902 9999
3211 99 112 902 9999
3212 120 84 902 9999
3213 44 148 902 9999
3214 55 94 902 9999
3215 25 107 902 9999
3216 45 62 902 9999
3217 7 4 903 9999
3218 142 146 903 9999
3219 30 99 903 9999
3220 112 37 903 9999
3221 84 10 903 9999
3222 53 48 903 9999
3223 44 24 904 9999
3224 37 115 904 9999
3225 23 88 904 9999
3226 107 122 904 9999
3227 102 77 904 9999
3228 109 146 904 9999
3229 76 14 905 9999
3230 142 101 905 9999
3231 24 37 905 9999
3232 66 83 905 9999
3233 93 58 905 9999
3234 80 123 905 9999
3235 59 42 906 9999
3236 63 143 906 9999
3237 104 116 906 9999
3238 94 148 906 9999
3239 141 131 906 9999
3240 16 66 907 9999
3241 69 123 907 9999
3242 91 73 907 9999
3243 103 50 907 9999
3244 69 81 907 9999
3245 116 113 908 9999
3246 84 140 908 9999
3247 0 74 908 9999
3248 146 110 908 9999
3249 4 21 908 9999
3250 19 98 909 9999
3251 84 65 909 9999
3252 52 51 909 9999
3253 9 102 909 9999
3254 94 42 910 9999
3255 118 10 910 9999
3256 13 144 910 9999
3257 3 86 910 9999
3258 97 53 911 9999
3259 57 28 911 9999
3260 20 112 911 9999
3261 62 72 911 9999
3262 15 136 912 9999
3263 68 125 912 9999
3264 42 142 912 9999
3265 47 140 913 9999
3266 76 112 913 9999
3267 94 29 913 9999
3268 23 47 914 9999
3269 25 117 914 9999
3270 67 88 915 9999
3271 130 61 915 9999
3272 91 118 916 9999
3273 60 145 916 9999
3274 25 140 917 9999
3275 67 97 918 9999
3276 103 129 919 9999
3277 19 20 934 9999
3278 116 140 935 9999
3279 47 8 936 9999
3280 132 146 937 9999
3281 51 110 938 9999
3282 10 145 938 9999
3283 140 33 939 9999
3284 94 67 939 9999
3285 0 12 940 9999
3286 5 32 940 9999
3287 125 97 940 9999
3288 0 36 941 9999
3289 144 77 941 9999
3290 26 61 941 9999
3291 24 31 942 9999
3292 40 44 942 9999
3293 103 58 942 9999
3294 86 1 943 9999
3295 119 68 943 9999
3296 49 20 943 9999
3297 28 60 943 9999
3298 15 70 944 9999
3299 145 110 944 9999
3300 138 146 944 9999
3301 122 45 944 9999
3302 80 149 945 9999
3303 142 81 945 9999
3304 87 38 945 9999
3305 60 16 945 9999
3306 99 85 946 9999
3307 47 42 946 9999
3308 31 53 946 9999
3309 2 117 946 9999
3310 106 121 946 9999
3311 87 5 947 9999
3312 141 115 947 9999
3313 65 7 947 9999
3314 88 61 947 9999
3315 117 128 947 9999
3316 109 141 948 9999
3317 23 39 948 9999
3318 42 68 948 9999
3319 22 130 948 9999
3320 106 135 948 9999
3321 146 108 948 9999
3322 70 95 949 9999
3323 52 101 949 9999
3324 148 54 949 9999
3325 120 104 949 9999
3326 26 57 949 9999
3327 12 17 949 9999
3328 22 77 950 9999
3329 76 12 950 9999
3330 40 95 950 9999
3331 140 51 950 9999
3332 138 66 950 9999
3333 143 31 950 9999
3334 134 15 951 9999
3335 11 142 951 9999
3336 0 7 951 9999
3337 2 122 951 9999
3338 4 54 951 9999
3339 125 3 951 9999
3340 109 95 951 9999
3341 9 37 952 9999
3342 2 21 952 9999
3343 54 77 952 9999
3344 1 33 952 9999
3345 141 93 952 9999
3346 128 132 952 9999
3347 145 117 952 9999
3348 100 138 953 9999
3349 148 84 953 9999
3350 55 61 953 9999
3351 128 108 953 9999
3352 120 131 953 9999
3353 80 124 953 9999
3354 87 56 953 9999
3355 29 46 954 9999
3356 53 39 954 9999
3357 135 108 954 9999
3358 112 40 954 9999
3359 35 15 954 9999
3360 125 26 954 9999
3361 109 103 954 9999
3362 60 104 955 9999
3363 122 10 955 9999
3364 92 120 955 9999
3365 146 147 955 9999
3366 83 27 955 9999
3367 105 53 955 9999
3368 8 88 955 9999
3369 28 95 956 9999
3370 46 109 956 9999
3371 44 99 956 9999
3372 148 29 956 9999
3373 57 13 956 9999
3374 121 144 956 9999
3375 28 96 956 9999
3376 73 39 957 9999
3377 102 133 957 9999
3378 143 74 957 9999
3379 46 137 957 9999
3380 97 94 957 9999
3381 37 30 957 9999
3382 121 44 957 9999
3383 84 129 958 9999
3384 132 14 958 9999
3385 127 28 958 9999
3386 123 73 958 9999
3387 30 24 958 9999
3388 4 139 958 9999
3389 37 126 958 9999
3390 134 117 959 9999
3391 124 57 959 9999
3392 7 76 959 9999
3393 92 52 959 9999
3394 53 40 959 9999
3395 40 0 959 9999
3396 135 77 959 9999
3397 30 106 960 9999
3398 121 16 960 9999
3399 138 6 960 9999
3400 30 17 960 9999
3401 86 56 960 9999
3402 90 18 960 9999
3403 80 94 960 9999
3404 8 19 961 9999
3405 122 44 961 9999
3406 38 97 961 9999
3407 3 45 961 9999
3408 75 147 961 9999
3409 0 128 961 9999
3410 38 92 961 9999
3411 30 23 962 9999
3412 19 113 962 9999
3413 31 42 962 9999
3414 129 19 962 9999
3415 100 10 962 9999
3416 36 89 962 9999
3417 66 28 962 9999
3418 107 48 963 9999
3419 123 115 963 9999
3420 67 147 963 9999
3421 61 105 963 9999
3422 146 64 963 9999
3423 53 72 963 9999
3424 62 105 963 9999
3425 102 100 964 9999
3426 47 35 964 9999
3427 25 118 964 9999
3428 148 56 964 9999
3429 62 127 964 9999
3430 128 13 964 9999
3431 39 66 964 9999
3432 102 7 965 9999
3433 95 111 965 9999
3434 55 120 965 9999
3435 77 24 965 9999
3436 117 40 965 9999
3437 32 114 965 9999
3438 105 137 965 9999
3439 88 17 966 9999
3440 92 19 966 9999
3441 41 127 966 9999
3442 96 9 966 9999
3443 125 2 966 9999
3444 123 5 966 9999
3445 32 136 967 9999
3446 44 99 967 9999
3447 140 104 967 9999
3448 44 102 967 9999
3449 9 14 967 9999
3450 81 86 967 9999
3451 33 121 968 9999
3452 20 147 968 9999
3453 128 7 968 9999
3454 137 47 968 9999
3455 1 80 968 9999
3456 118 94 968 9999
3457 57 64 969 9999
3458 103 85 969 9999
3459 119 76 969 9999
3460 90 1 969 9999
3461 115 36 969 9999
3462 2 7 970 9999
3463 140 46 970 9999
3464 11 52 970 9999
3465 112 144 970 9999
3466 138 146 970 9999
3467 18 60 971 9999
3468 45 146 971 9999
3469 119 33 971 9999
3470 96 120 971 9999
3471 15 64 971 9999
3472 116 72 972 9999
3473 129 69 972 9999
3474 59 98 972 9999
3475 47 51 972 9999
3476 1 64 973 9999
3477 88 4 973 9999
3478 72 78 973 9999
3479 102 135 973 9999
3480 32 65 974 9999
3481 130 72 974 9999
3482 113 148 974 9999
3483 132 60 975 9999
3484 46 101 975 9999
3485 145 142 975 9999
3486 123 10 976 9999
3487 57 89 976 9999
3488 135 36 976 9999
3489 60 44 977 9999
3490 36 10 977 9999
3491 96 89 978 9999
3492 74 86 978 9999
3493 93 48 979 9999
3494 66 98 979 9999
3495 34 99 980 9999
3496 13 66 981 9999
3497 21 28 982 9999
3498 64 56 997 9999
3499 88 110 998 9999
3500 7 84 999 9999
3501 5 33 1000 9999
3502 94 62 1001 9999
3503 122 131 1001 9999
3504 0 85 1002 9999
3505 26 88 1002 9999
3506 95 24 1003 9999
3507 27 71 1003 9999
3508 110 23 1003 9999
3509 120 26 1004 9999
3510 23 56 1004 9999
3511 125 36 1004 9999
3512 122 49 1005 9999
3513 116 88 1005 9999
3514 105 106 1005 9999
3515 100 14 1006 9999
3516 92 105 1006 9999
3517 47 89 1006 9999
3518 69 72 1006 9999
3519 70 121 1007 9999
3520 7 96 1007 9999
3521 59 4 1007 9999
3522 120 139 1007 9999
3523 75 132 1008 9999
3524 64 97 1008 9999
3525 9 87 1008 9999
3526 55 134 1008 9999
3527 25 79 1008 9999
3528 33 43 1009 9999
3529 17 40 1009 9999
3530 149 20 1009 9999
3531 55 92 1009 9999
3532 125 102 1009 9999
3533 83 97 1010 9999
3534 76 3 1010 9999
3535 68 83 1010 9999
3536 2 30 1010 9999
3537 139 24 1010 9999
3538 19 117 1011 9999
3539 7 135 1011 9999
3540 64 16 1011 9999
3541 72 22 1011 9999
3542 52 149 1011 9999
3543 101 138 1011 9999
3544 42 21 1012 9999
3545 28 41 1012 9999
3546 41 135 1012 9999
3547 35 68 1012 9999
3548 88 118 1012 9999
3549 15 14 1012 9999
3550 122 136 1013 9999
3551 0 26 1013 9999
3552 16 41 1013 9999
3553 50 87 1013 9999
3554 8 57 1013 9999
3555 72 125 1013 9999
3556 125 144 1014 9999
3557 147 28 1014 9999
3558 143 0 1014 9999
3559 16 35 1014 9999
3560 21 96 1014 9999
3561 128 62 1014 9999
3562 82 14 1014 9999
3563 131 72 1015 9999
3564 34 48 1015 9999
3565 138 58 1015 9999
3566 34 40 1015 9999
3567 84 102 1015 9999
3568 82 135 1015 9999
3569 39 142 1015 9999
3570 94 111 1016 9999
3571 117 70 1016 9999
3572 7 16 1016 9999
3573 98 52 1016 9999
3574 17 16 1016 9999
3575 139 90 1016 9999
3576 14 118 1016 9999
3577 3 96 1017 9999
3578 34 36 1017 9999
3579 70 68 1017 9999
3580 136 59 1017 9999
3581 127 73 1017 9999
3582 1 113 1017 9999
3583 25 83 1017 9999
3584 98 65 1018 9999
3585 76 43 1018 9999
3586 26 95 1018 9999
3587 113 34 1018 9999
3588 14 113 1018 9999
3589 138 31 1018 9999
3590 129 128 1018 9999
3591 121 45 1019 9999
3592 96 26 1019 9999
3593 44 130 1019 9999
3594 114 100 1019 9999
3595 3 75 1019 9999
3596 129 76 1019 9999
3597 77 93 1019 9999
3598 3 62 1020 9999
3599 93 68 1020 9999
3600 40 136 1020 9999
3601 147 136 1020 9999
3602 1 83 1020 9999
3603 0 114 1020 9999
3604 71 83 1020 9999
3605 145 49 1021 9999
3606 106 93 1021 9999
3607 145 35 1021 9999
3608 137 27 1021 9999
3609 51 101 1021 9999
3610 30 54 1021 9999
3611 79 61 1021 9999
3612 32 58 1022 9999
3613 4 36 1022 9999
3614 120 0 1022 9999
3615 104 11 1022 9999
3616 136 3 1022 9999
3617 49 40 1022 9999
3618 86 101 1022 9999
3619 56 8 1023 9999
3620 86 104 1023 9999
3621 109 94 1023 9999
3622 47 7 1023 9999
3623 129 34 1023 9999
3624 86 83 1023 9999
3625 37 116 1023 9999
3626 39 18 1024 9999
3627 28 72 1024 9999
3628 76 84 1024 9999
3629 108 47 1024 9999
3630 84 114 1024 9999
3631 110 123 1024 9999
3632 20 61 1024 9999
3633 65 106 1025 9999
3634 64 121 1025 9999
3635 16 52 1025 9999
3636 127 126 1025 9999
3637 146 76 1025 9999
3638 35 28 1025 9999
3639 12 121 1025 9999
3640 111 50 1026 9999
3641 140 52 1026 9999
3642 120 70 1026 9999
3643 124 47 1026 9999
3644 4 134 1026 9999
3645 146 141 1026 9999
3646 1 106 1026 9999
3647 16 21 1027 9999
3648 69 81 1027 9999
3649 29 133 1027 9999
3650 104 46 1027 9999
3651 35 82 1027 9999
3652 74 83 1027 9999
3653 8 109 1027 9999
3654 111 21 1028 9999
3655 132 124 1028 9999
3656 123 122 1028 9999
3657 27 93 1028 9999
3658 42 53 1028 9999
3659 42 47 1028 9999
3660 38 90 1028 9999
3661 91 144 1029 9999
3662 106 112 1029 9999
3663 115 89 1029 9999
3664 141 98 1029 9999
3665 43 89 1029 9999
3666 35 27 1029 9999
3667 65 119 1030 9999
3668 36 76 1030 9999
3669 132 109 1030 9999
3670 59 107 1030 9999
3671 134 31 1030 9999
3672 36 77 1030 9999
3673 126 89 1031 9999
3674 22 75 1031 9999
3675 127 60 1031 9999
3676 15 68 1031 9999
3677 107 23 1031 9999
3678 82 72 1031 9999
3679 112 126 1032 9999
3680 73 57 1032 9999
3681 117 108 1032 9999
3682 85 33 1032 9999
3683 129 23 1032 9999
3684 11 14 1033 9999
3685 132 70 1033 9999
3686 121 116 1033 9999
3687 4 59 1033 9999
3688 95 130 1033 9999
3689 148 117 1034 9999
3690 55 28 1034 9999
3691 28 122 1034 9999
3692 148 37 1034 9999
3693 145 81 1034 9999
3694 109 9 1035 9999
3695 109 84 1035 9999
3696 66 76 1035 9999
3697 95 1 1035 9999
3698 109 74 1036 9999
3699 24 121 1036 9999
3700 88 6 1036 9999
3701 93 111 1036 9999
3702 24 149 1037 9999
3703 20 22 1037 9999
3704 129 71 1037 9999
3705 41 86 1038 9999
3706 99 121 1038 9999
3707 58 97 1038 9999
3708 8 105 1039 9999
3709 80 118 1039 9999
3710 114 39 1039 9999
3711 52 31 1040 9999
3712 116 147 1040 9999
3713 32 127 1041 9999
3714 124 109 1041 9999
3715 0 114 1042 9999
3716 17 146 1043 9999
3717 128 42 1044 9999
3718 145 50 1045 9999
3719 116 125 1060 9999
3720 121 7 1061 9999
3721 113 122 1062 9999
3722 129 74 1063 9999
3723 70 137 1063 9999
3724 29 52 1064 9999
3725 7 46 1064 9999
3726 92 112 1065 9999
3727 77 58 1065 9999
3728 109 11 1066 9999
3729 87 135 1066 9999
3730 120 88 1066 9999
3731 2 40 1067 9999
3732 84 130 1067 9999
3733 82 79 1067 9999
3734 30 100 1068 9999
3735 106 54 1068 9999
3736 107 122 1068 9999
3737 26 86 1069 9999
3738 46 148 1069 9999
3739 74 127 1069 9999
3740 51 81 1069 9999
3741 23 45 1070 9999
3742 43 100 1070 9999
3743 5 55 1070 9999
3744 14 92 1070 9999
3745 92 36 1071 9999
3746 82 94 1071 9999
3747 76 68 1071 9999
3748 74 60 1071 9999
3749 50 7 1071 9999
3750 10 6 1072 9999
3751 61 118 1072 9999
3752 30 139 1072 9999
3753 106 76 1072 9999
3754 138 30 1072 9999
3755 54 91 1073 9999
3756 14 77 1073 9999
3757 38 109 1073 9999
3758 80 43 1073 9999
3759 66 146 1073 9999
3760 135 9 1074 9999
3761 32 120 1074 9999
3762 103 11 1074 9999
3763 38 80 1074 9999
3764 71 88 1074 9999
3765 139 134 1074 9999
3766 147 50 1075 9999
3767 4 27 1075 9999
3768 91 110 1075 9999
3769 104 131 1075 9999
3770 141 60 1075 9999
3771 124 57 1075 9999
3772 39 12 1076 9999
3773 16 119 1076 9999
3774 55 135 1076 9999
3775 115 93 1076 9999
3776 144 50 1076 9999
3777 63 149 1076 9999
3778 61 3 1077 9999
3779 131 132 1077 9999
3780 92 120 1077 9999
3781 18 141 1077 9999
3782 72 22 1077 9999
3783 18 66 1077 9999
3784 133 24 1077 9999
3785 47 26 1078 9999
3786 136 22 1078 9999
3787 83 26 1078 9999
3788 34 1 1078 9999
3789 145 142 1078 9999
3790 136 13 1078 9999
3791 137 32 1078 9999
3792 63 50 1079 9999
3793 84 124 1079 9999
3794 105 117 1079 9999
3795 8 99 1079 9999
3796 88 27 1079 9999
3797 90 62 1079 9999
3798 101 109 1079 9999
3799 128 84 1080 9999
3800 35 78 1080 9999
3801 110 22 1080 9999
3802 100 95 1080 9999
3803 48 36 1080 9999
3804 97 95 1080 9999
3805 80 135 1080 9999
3806 108 67 1081 9999
3807 70 73 1081 9999
3808 19 56 1081 9999
3809 47 125 1081 9999
3810 23 108 1081 9999
3811 74 13 1081 9999
3812 37 15 1081 9999
3813 76 138 1082 9999
3814 26 106 1082 9999
3815 73 113 1082 9999
3816 34 85 1082 9999
3817 135 36 1082 9999
3818 31 85 1082 9999
3819 125 30 1082 9999
3820 31 55 1083 9999
3821 67 41 1083 9999
3822 123 137 1083 9999
3823 115 44 1083 9999
3824 95 12 1083 9999
3825 19 119 1083 9999
3826 22 146 1083 9999
3827 132 59 1084 9999
3828 63 110 1084 9999
3829 48 89 1084 9999
3830 67 23 1084 9999
3831 52 3 1084 9999
3832 108 90 1084 9999
3833 40 139 1084 9999
3834 25 67 1085 9999
3835 19 56 1085 9999
3836 122 87 1085 9999
3837 98 147 1085 9999
3838 126 115 1085 9999
3839 94 72 1085 9999
3840 127 113 1085 9999
3841 93 52 1086 9999
3842 11 75 1086 9999
3843 111 74 1086 9999
3844 88 61 1086 9999
3845 13 57 1086 9999
3846 84 118 1086 9999
3847 112 43 1086 9999
3848 110 54 1087 9999
3849 84 135 1087 9999
3850 121 6 1087 9999
3851 94 146 1087 9999
3852 93 94 1087 9999
3853 143 121 1087 9999
3854 59 139 1087 9999
3855 95 88 1088 9999
3856 103 38 1088 9999
3857 140 114 1088 9999
3858 16 4 1088 9999
3859 91 104 1088 9999
3860 65 104 1088 9999
3861 63 0 1088 9999
3862 124 25 1089 9999
3863 95 84 1089 9999
3864 80 29 1089 9999
3865 122 51 1089 9999
3866 35 66 1089 9999
3867 47 30 1089 9999
3868 62 93 1089 9999
3869 54 121 1090 9999
3870 82 149 1090 9999
3871 111 87 1090 9999
3872 38 102 1090 9999
3873 104 106 1090 9999
3874 8 45 1090 9999
3875 112 73 1090 9999
3876 51 25 1091 9999
3877 125 78 1091 9999
3878 102 70 1091 9999
3879 64 32 1091 9999
3880 100 36 1091 9999
3881 136 37 1091 9999
3882 4 85 1091 9999
3883 68 66 1092 9999
3884 80 122 1092 9999
3885 89 65 1092 9999
3886 23 51 1092 9999
3887 54 113 1092 9999
3888 55 8 1092 9999
3889 69 63 1093 9999
3890 105 31 1093 9999
3891 38 59 1093 9999
3892 108 14 1093 9999
3893 39 113 1093 9999
3894 84 103 1093 9999
3895 145 86 1094 9999
3896 140 33 1094 9999
3897 124 46 1094 9999
3898 21 94 1094 9999
3899 113 101 1094 9999
3900 118 104 1094 9999
3901 68 43 1095 9999
3902 5 123 1095 9999
3903 7 112 1095 9999
3904 33 128 1095 9999
3905 77 41 1095 9999
3906 62 116 1096 9999
3907 100 20 1096 9999
3908 130 139 1096 9999
3909 133 116 1096 9999
3910 144 31 1096 9999
3911 105 134 1097 9999
3912 116 79 1097 9999
3913 31 137 1097 9999
3914 75 46 1097 9999
3915 141 95 1097 9999
3916 0 59 1098 9999
3917 138 58 1098 9999
3918 32 145 1098 9999
3919 72 66 1098 9999
3920 124 0 1099 9999
3921 107 36 1099 9999
3922 18 109 1099 9999
3923 108 50 1099 9999
3924 0 144 1100 9999
3925 16 144 1100 9999
3926 77 23 1100 9999
3927 31 43 1101 9999
3928 102 114 1101 9999
3929 31 79 1101 9999
3930 62 22 1102 9999
3931 24 62 1102 9999
3932 81 13 1102 9999
3933 22 16 1103 9999
3934 8 95 1103 9999
3935 134 34 1104 9999
3936 147 143 1104 9999
3937 122 15 1105 9999
3938 102 81 1106 9999
3939 65 4 1107 9999
3940 127 133 1108 9999
3941 148 54 1123 9999
3942 7 81 1124 9999
3943 97 11 1125 9999
3944 45 30 1126 9999
3945 91 9 1126 9999
3946 104 17 1127 9999
3947 72 88 1127 9999
3948 30 146 1128 9999
3949 104 91 1128 9999
3950 143 140 1129 9999
3951 27 140 1129 9999
3952 133 0 1129 9999
3953 5 137 1130 9999
3954 133 122 1130 9999
3955 141 110 1130 9999
3956 8 41 1131 9999
3957 66 67 1131 9999
3958 25 65 1131 9999
3959 130 122 1131 9999
3960 96 123 1132 9999
3961 132 50 1132 9999
3962 141 106 1132 9999
3963 40 73 1132 9999
3964 102 46 1133 9999
3965 14 96 1133 9999
3966 36 94 1133 9999
3967 86 19 1133 9999
3968 94 144 1134 9999
3969 6 129 1134 9999
3970 18 49 1134 9999
3971 89 78 1134 9999
3972 143 5 1134 9999
3973 145 18 1135 9999
3974 70 28 1135 9999
3975 42 68 1135 9999
3976 1 24 1135 9999
3977 21 142 1135 9999
3978 130 61 1136 9999
3979 118 83 1136 9999
3980 108 34 1136 9999
3981 81 144 1136 9999
3982 128 17 1136 9999
3983 66 72 1137 9999
3984 63 124 1137 9999
3985 103 134 1137 9999
3986 76 42 1137 9999
3987 62 121 1137 9999
3988 99 110 1137 9999
3989 41 72 1138 9999
3990 138 83 1138 9999
3991 42 139 1138 9999
3992 108 63 1138 9999
3993 34 88 1138 9999
3994 27 54 1138 9999
3995 73 37 1139 9999
3996 88 4 1139 9999
3997 83 67 1139 9999
3998 74 51 1139 9999
3999 41 39 1139 9999
