0 133 136 1 9999
1 85 136 1 9999
2 42 99 1 9999
3 121 62 1 9999
4 127 140 1 9999
5 109 113 1 9999
6 76 90 1 9999
7 126 22 1 9999
8 136 11 1 9999
9 68 117 1 9999
10 129 32 2 9999
11 67 85 2 9999
12 29 102 2 9999
13 72 108 2 9999
14 119 117 2 9999
15 43 106 2 9999
16 61 142 3 9999
17 119 134 3 9999
18 37 98 3 9999
19 74 65 3 9999
20 120 113 3 9999
21 76 91 3 9999
22 80 56 3 9999
23 123 62 3 9999
24 20 46 3 9999
25 31 105 3 9999
26 75 134 4 9999
27 46 129 4 9999
28 13 107 4 9999
29 24 45 4 9999
30 132 45 4 9999
31 14 117 4 9999
32 134 14 4 9999
33 93 50 4 9999
34 37 108 4 9999
35 126 128 4 9999
36 38 84 4 9999
37 3 101 5 9999
38 60 26 5 9999
39 18 139 5 9999
40 112 76 5 9999
41 36 144 6 9999
42 134 28 6 9999
43 17 51 6 9999
44 47 2 6 9999
45 117 42 6 9999
46 52 56 6 9999
47 1 80 6 9999
48 86 91 6 9999
49 15 89 6 9999
50 94 119 6 9999
51 40 129 6 9999
52 81 67 6 9999
53 147 71 6 9999
54 81 125 7 9999
55 106 47 7 9999
56 3 36 7 9999
57 65 106 7 9999
58 83 119 7 9999
59 74 28 7 9999
60 21 32 7 9999
61 29 3 7 9999
62 119 120 8 9999
63 40 99 8 9999
64 96 23 8 9999
65 68 145 8 9999
66 146 51 8 9999
67 121 5 8 9999
68 29 88 8 9999
69 14 128 8 9999
70 91 50 8 9999
71 43 100 8 9999
72 134 64 9 9999
73 56 93 9 9999
74 141 77 9 9999
75 115 9 9 9999
76 136 82 9 9999
77 101 137 9 9999
78 28 125 9 9999
79 107 24 9 9999
80 121 8 9 9999
81 145 29 9 9999
82 37 135 10 9999
83 93 111 10 9999
84 78 129 10 9999
85 26 4 10 9999
86 43 13 10 9999
87 113 38 10 9999
88 56 40 11 9999
89 138 69 11 9999
90 117 17 11 9999
91 96 74 11 9999
92 93 120 11 9999
93 83 140 11 9999
94 149 22 11 9999
95 125 94 11 9999
96 90 5 11 9999
97 89 104 12 9999
98 42 14 12 9999
99 97 57 12 9999
100 105 4 12 9999
101 98 11 12 9999
102 122 78 12 9999
103 149 93 12 9999
104 46 68 12 9999
105 40 22 12 9999
106 11 10 12 9999
107 105 1 13 9999
108 5 120 13 9999
109 86 94 13 9999
110 126 72 13 9999
111 65 8 13 9999
112 16 132 13 9999
113 8 74 14 9999
114 0 36 14 9999
115 2 149 14 9999
116 129 100 14 9999
117 68 71 14 9999
118 123 131 14 9999
119 81 130 15 9999
120 63 49 15 9999
121 131 149 15 9999
122 46 9 15 9999
123 123 13 15 9999
124 18 140 15 9999
125 145 26 15 9999
126 116 134 15 9999
127 90 40 16 9999
128 36 7 16 9999
129 45 6 16 9999
130 79 18 17 9999
131 22 9 17 9999
132 9 86 17 9999
133 110 42 17 9999
134 137 6 17 9999
135 51 13 17 9999
136 72 121 17 9999
137 55 119 17 9999
138 49 21 17 9999
139 104 139 17 9999
140 61 140 17 9999
141 17 5 17 9999
142 78 77 18 9999
143 120 124 18 9999
144 22 119 18 9999
145 146 31 18 9999
146 30 134 18 9999
147 142 72 18 9999
148 122 50 18 9999
149 25 135 19 9999
150 92 98 19 9999
151 113 98 19 9999
152 140 24 19 9999
153 140 59 19 9999
154 81 69 19 9999
155 136 132 19 9999
156 55 44 19 9999
157 4 29 20 9999
158 0 55 20 9999
159 10 142 20 9999
160 29 34 20 9999
161 43 55 20 9999
162 71 67 20 9999
163 104 13 20 9999
164 61 104 20 9999
165 126 9 20 9999
166 94 52 20 9999
167 52 56 20 9999
168 134 121 21 9999
169 139 22 22 9999
170 36 108 23 9999
171 133 98 23 9999
172 90 54 23 9999
173 67 96 23 9999
174 68 129 23 9999
175 50 96 23 9999
176 138 47 23 9999
177 149 40 24 9999
178 47 53 24 9999
179 142 36 24 9999
180 75 2 24 9999
181 46 25 24 9999
182 38 57 24 9999
183 129 136 25 9999
184 60 104 25 9999
185 128 127 25 9999
186 50 98 25 9999
187 106 2 25 9999
188 44 147 25 9999
189 49 43 26 9999
190 3 50 26 9999
191 131 47 26 9999
192 138 109 26 9999
193 101 35 26 9999
194 134 139 26 9999
195 92 15 26 9999
196 27 54 26 9999
197 29 49 27 9999
198 143 85 27 9999
199 27 100 27 9999
200 88 71 27 9999
201 149 39 27 9999
202 17 88 27 9999
203 42 95 27 9999
204 143 144 28 9999
205 140 141 28 9999
206 69 26 28 9999
207 32 11 28 9999
208 42 60 28 9999
209 117 123 28 9999
210 11 81 28 9999
211 9 90 28 9999
212 75 146 29 9999
213 90 76 29 9999
214 124 107 29 9999
215 14 68 29 9999
216 105 8 29 9999
217 62 136 29 9999
218 100 96 29 9999
219 126 144 29 9999
220 16 2 29 9999
221 78 79 30 9999
222 70 51 30 9999
223 30 131 30 9999
224 43 7 30 9999
225 127 62 30 9999
226 136 114 30 9999
227 55 62 30 9999
228 140 12 30 9999
229 129 110 30 9999
230 19 39 30 9999
231 74 5 31 9999
232 87 88 31 9999
233 88 16 31 9999
234 70 34 31 9999
235 56 117 31 9999
236 6 10 31 9999
237 49 137 31 9999
238 105 109 31 9999
239 17 18 31 9999
240 95 33 31 9999
241 73 8 31 9999
242 23 137 32 9999
243 78 57 32 9999
244 64 21 32 9999
245 129 0 32 9999
246 109 68 32 9999
247 88 125 32 9999
248 138 24 33 9999
249 93 108 33 9999
250 70 49 33 9999
251 67 139 33 9999
252 119 13 33 9999
253 22 94 33 9999
254 73 97 33 9999
255 81 112 33 9999
256 132 140 34 9999
257 15 71 34 9999
258 107 124 34 9999
259 41 97 34 9999
260 1 81 34 9999
261 121 137 34 9999
262 140 54 34 9999
263 80 98 34 9999
264 125 31 34 9999
265 16 52 35 9999
266 4 38 35 9999
267 130 18 35 9999
268 21 120 35 9999
269 12 112 35 9999
270 129 27 35 9999
271 85 86 35 9999
272 54 126 35 9999
273 33 107 35 9999
274 109 57 36 9999
275 77 100 36 9999
276 86 10 36 9999
277 18 5 36 9999
278 63 99 36 9999
279 44 111 36 9999
280 5 134 36 9999
281 91 75 36 9999
282 5 114 36 9999
283 139 118 36 9999
284 93 68 36 9999
285 105 82 37 9999
286 80 93 37 9999
287 74 76 37 9999
288 43 36 37 9999
289 3 143 37 9999
290 24 14 37 9999
291 63 29 37 9999
292 77 12 37 9999
293 125 38 37 9999
294 69 110 37 9999
295 32 144 37 9999
296 17 146 37 9999
297 35 37 38 9999
298 73 128 38 9999
299 75 91 38 9999
300 110 18 38 9999
301 67 36 38 9999
302 113 5 38 9999
303 40 8 38 9999
304 30 54 38 9999
305 71 111 38 9999
306 33 135 38 9999
307 139 123 39 9999
308 100 18 39 9999
309 53 135 39 9999
310 56 45 39 9999
311 89 49 39 9999
312 20 67 39 9999
313 26 13 39 9999
314 27 96 40 9999
315 86 5 40 9999
316 120 18 40 9999
317 111 42 40 9999
318 32 46 40 9999
319 79 21 41 9999
320 77 84 41 9999
321 40 33 41 9999
322 122 148 41 9999
323 130 113 41 9999
324 47 0 41 9999
325 30 73 41 9999
326 14 109 41 9999
327 72 147 41 9999
328 74 132 42 9999
329 4 93 42 9999
330 98 36 42 9999
331 140 28 42 9999
332 109 62 42 9999
333 12 33 42 9999
334 41 148 42 9999
335 73 74 42 9999
336 22 72 43 9999
337 107 15 43 9999
338 147 121 43 9999
339 26 69 43 9999
340 118 101 43 9999
341 103 83 43 9999
342 107 9 43 9999
343 78 56 44 9999
344 108 84 44 9999
345 148 141 45 9999
346 102 71 45 9999
347 39 59 45 9999
348 56 60 45 9999
349 16 124 45 9999
350 109 39 45 9999
351 0 28 46 9999
352 64 138 46 9999
353 89 126 46 9999
354 67 47 46 9999
355 73 37 46 9999
356 131 32 46 9999
357 122 31 46 9999
358 75 0 46 9999
359 79 140 46 9999
360 4 0 46 9999
361 81 63 46 9999
362 57 44 46 9999
363 131 31 46 9999
364 3 20 46 9999
365 83 32 47 9999
366 46 75 47 9999
367 4 22 47 9999
368 142 51 47 9999
369 147 82 47 9999
370 84 81 47 9999
371 106 115 47 9999
372 7 8 47 9999
373 45 49 47 9999
374 12 97 47 9999
375 33 76 47 9999
376 4 77 47 9999
377 109 87 47 9999
378 132 32 47 9999
379 21 66 48 9999
380 111 85 48 9999
381 136 35 48 9999
382 130 90 48 9999
383 33 114 48 9999
384 76 16 48 9999
385 70 42 49 9999
386 125 90 49 9999
387 86 60 49 9999
388 68 143 49 9999
389 137 28 49 9999
390 132 21 50 9999
391 125 65 50 9999
392 70 87 50 9999
393 53 108 50 9999
394 122 33 50 9999
395 100 57 50 9999
396 147 27 51 9999
397 51 99 51 9999
398 110 78 51 9999
399 39 98 51 9999
400 138 10 51 9999
401 143 27 51 9999
402 90 126 51 9999
403 49 52 52 9999
404 149 57 52 9999
405 16 52 52 9999
406 67 41 52 9999
407 85 18 52 9999
408 98 134 52 9999
409 45 126 52 9999
410 5 16 52 9999
411 28 104 52 9999
412 28 8 52 9999
413 143 28 53 9999
414 24 145 53 9999
415 50 125 53 9999
416 47 133 53 9999
417 112 127 53 9999
418 132 71 53 9999
419 143 34 53 9999
420 139 34 53 9999
421 21 59 53 9999
422 35 57 54 9999
423 22 91 54 9999
424 16 102 54 9999
425 100 62 54 9999
426 32 149 54 9999
427 117 54 54 9999
428 23 15 54 9999
429 6 51 54 9999
430 114 140 54 9999
431 13 91 54 9999
432 122 137 55 9999
433 21 80 55 9999
434 87 56 55 9999
435 40 41 55 9999
436 120 102 55 9999
437 115 61 55 9999
438 119 67 55 9999
439 11 83 55 9999
440 1 62 55 9999
441 50 56 55 9999
442 138 117 55 9999
443 114 39 55 9999
444 82 104 55 9999
445 104 75 55 9999
446 129 91 55 9999
447 62 38 56 9999
448 56 94 56 9999
449 60 149 56 9999
450 64 65 56 9999
451 114 126 56 9999
452 86 83 56 9999
453 39 19 56 9999
454 85 102 56 9999
455 121 43 56 9999
456 90 89 56 9999
457 59 31 56 9999
458 73 14 56 9999
459 135 148 57 9999
460 83 98 57 9999
461 99 5 57 9999
462 5 43 57 9999
463 118 56 57 9999
464 10 33 57 9999
465 73 136 57 9999
466 21 58 57 9999
467 77 40 57 9999
468 45 81 57 9999
469 11 140 57 9999
470 73 100 57 9999
471 50 104 57 9999
472 75 64 57 9999
473 142 74 58 9999
474 94 69 58 9999
475 38 1 58 9999
476 126 133 58 9999
477 119 33 58 9999
478 143 54 58 9999
479 106 31 58 9999
480 75 66 58 9999
481 11 17 58 9999
482 112 92 58 9999
483 29 102 59 9999
484 74 107 59 9999
485 118 66 59 9999
486 83 77 59 9999
487 37 22 59 9999
488 73 107 59 9999
489 112 75 60 9999
490 18 141 60 9999
491 53 26 60 9999
492 74 30 60 9999
493 93 85 60 9999
494 48 55 60 9999
495 80 129 60 9999
496 59 148 60 9999
497 10 62 60 9999
498 124 19 61 9999
499 10 130 61 9999
500 26 83 61 9999
501 139 40 61 9999
502 8 73 61 9999
503 38 7 61 9999
504 143 81 62 9999
505 90 113 62 9999
506 91 138 62 9999
507 70 21 62 9999
508 117 129 62 9999
509 71 30 62 9999
510 93 45 62 9999
511 49 124 62 9999
512 138 54 63 9999
513 119 10 63 9999
514 23 30 63 9999
515 83 113 63 9999
516 37 129 63 9999
517 44 149 63 9999
518 149 101 64 9999
519 130 136 64 9999
520 115 149 64 9999
521 115 36 64 9999
522 81 111 64 9999
523 134 33 64 9999
524 137 122 64 9999
525 87 23 64 9999
526 143 69 65 9999
527 74 139 65 9999
528 9 13 65 9999
529 118 53 65 9999
530 12 19 65 9999
531 5 4 65 9999
532 33 99 65 9999
533 134 19 65 9999
534 65 35 65 9999
535 37 3 66 9999
536 52 37 66 9999
537 12 139 66 9999
538 60 5 66 9999
539 110 104 66 9999
540 61 7 66 9999
541 29 103 66 9999
542 16 42 66 9999
543 71 122 66 9999
544 55 143 67 9999
545 128 147 67 9999
546 0 95 67 9999
547 32 37 67 9999
548 99 51 67 9999
549 139 86 67 9999
550 103 26 67 9999
551 98 144 67 9999
552 86 6 67 9999
553 7 92 68 9999
554 20 30 68 9999
555 66 144 68 9999
556 54 23 68 9999
557 137 83 68 9999
558 134 117 69 9999
559 59 65 69 9999
560 56 8 69 9999
561 19 45 69 9999
562 95 122 69 9999
563 71 95 69 9999
564 19 59 69 9999
565 101 26 69 9999
566 2 71 69 9999
567 40 25 69 9999
568 143 122 69 9999
569 91 39 70 9999
570 12 0 70 9999
571 46 74 70 9999
572 33 13 70 9999
573 36 99 70 9999
574 70 44 70 9999
575 118 115 70 9999
576 41 142 70 9999
577 89 137 71 9999
578 89 52 71 9999
579 113 31 71 9999
580 78 107 71 9999
581 4 71 71 9999
582 146 83 71 9999
583 88 75 71 9999
584 95 140 71 9999
585 121 72 71 9999
586 76 134 71 9999
587 108 25 72 9999
588 72 96 72 9999
589 89 11 72 9999
590 83 3 72 9999
591 61 125 72 9999
592 92 16 72 9999
593 89 124 72 9999
594 94 46 72 9999
595 30 67 72 9999
596 94 113 72 9999
597 57 19 73 9999
598 32 26 73 9999
599 79 140 73 9999
600 103 35 73 9999
601 45 148 73 9999
602 107 141 73 9999
603 87 20 73 9999
604 126 90 74 9999
605 0 92 74 9999
606 59 146 74 9999
607 40 89 74 9999
608 63 135 74 9999
609 104 23 74 9999
610 56 64 74 9999
611 123 1 74 9999
612 149 51 74 9999
613 80 139 74 9999
614 4 115 74 9999
615 86 2 75 9999
616 47 7 75 9999
617 134 31 75 9999
618 11 69 75 9999
619 31 103 75 9999
620 128 27 75 9999
621 144 119 75 9999
622 143 31 75 9999
623 73 68 75 9999
624 87 39 75 9999
625 93 88 75 9999
626 38 144 75 9999
627 70 80 76 9999
628 52 63 76 9999
629 48 95 76 9999
630 110 55 76 9999
631 79 142 76 9999
632 66 148 76 9999
633 75 72 76 9999
634 28 103 77 9999
635 97 122 77 9999
636 66 86 77 9999
637 12 9 77 9999
638 77 50 77 9999
639 3 147 77 9999
640 32 53 77 9999
641 85 101 77 9999
642 7 148 78 9999
643 106 84 78 9999
644 3 75 78 9999
645 134 78 78 9999
646 147 13 78 9999
647 83 115 78 9999
648 10 81 78 9999
649 114 35 78 9999
650 147 50 78 9999
651 47 58 78 9999
652 29 149 78 9999
653 113 79 78 9999
654 84 16 78 9999
655 14 35 78 9999
656 75 65 78 9999
657 86 80 79 9999
658 79 19 79 9999
659 102 59 79 9999
660 16 115 79 9999
661 45 33 79 9999
662 28 126 80 9999
663 100 12 80 9999
664 136 129 80 9999
665 63 100 80 9999
666 58 147 80 9999
667 116 125 80 9999
668 32 94 80 9999
669 40 20 80 9999
670 76 18 80 9999
671 115 44 81 9999
672 58 53 81 9999
673 112 103 81 9999
674 86 42 81 9999
675 132 84 81 9999
676 7 60 81 9999
677 34 19 81 9999
678 46 65 81 9999
679 134 146 81 9999
680 124 132 81 9999
681 15 1 82 9999
682 87 111 82 9999
683 52 131 82 9999
684 110 88 82 9999
685 29 70 82 9999
686 141 43 82 9999
687 24 78 82 9999
688 85 58 82 9999
689 12 92 82 9999
690 20 46 83 9999
691 50 115 83 9999
692 137 84 83 9999
693 32 40 83 9999
694 0 43 83 9999
695 133 139 84 9999
696 13 54 84 9999
697 32 94 84 9999
698 125 23 84 9999
699 138 51 84 9999
700 101 73 84 9999
701 11 15 84 9999
702 68 31 84 9999
703 113 133 84 9999
704 149 127 84 9999
705 85 114 84 9999
706 114 19 84 9999
707 146 57 85 9999
708 61 123 85 9999
709 37 57 85 9999
710 136 143 85 9999
711 89 81 85 9999
712 20 14 85 9999
713 121 71 86 9999
714 33 14 86 9999
715 67 147 86 9999
716 50 67 87 9999
717 140 57 87 9999
718 132 99 87 9999
719 129 73 87 9999
720 140 92 87 9999
721 47 79 87 9999
722 149 85 87 9999
723 72 140 87 9999
724 68 93 87 9999
725 5 39 87 9999
726 66 75 87 9999
727 136 103 87 9999
728 10 52 87 9999
729 20 7 88 9999
730 140 21 88 9999
731 76 47 88 9999
732 55 77 88 9999
733 78 128 88 9999
734 119 20 88 9999
735 77 48 88 9999
736 20 13 88 9999
737 121 10 88 9999
738 133 116 88 9999
739 67 23 88 9999
740 32 142 89 9999
741 113 58 89 9999
742 62 118 89 9999
743 145 148 89 9999
744 10 68 89 9999
745 126 109 89 9999
746 123 53 89 9999
747 37 4 89 9999
748 23 57 90 9999
749 146 94 90 9999
750 42 130 90 9999
751 112 109 90 9999
752 55 47 90 9999
753 4 116 90 9999
754 84 59 90 9999
755 131 142 90 9999
756 23 1 90 9999
757 138 21 90 9999
758 63 108 91 9999
759 5 111 91 9999
760 40 80 91 9999
761 71 23 91 9999
762 53 50 91 9999
763 20 50 91 9999
764 92 52 91 9999
765 12 104 91 9999
766 107 59 92 9999
767 17 8 92 9999
768 136 40 92 9999
769 10 26 92 9999
770 114 73 92 9999
771 37 65 92 9999
772 148 21 93 9999
773 0 82 93 9999
774 136 54 93 9999
775 133 58 93 9999
776 6 127 93 9999
777 110 18 93 9999
778 81 119 93 9999
779 78 91 93 9999
780 146 124 93 9999
781 108 5 93 9999
782 110 51 93 9999
783 15 39 94 9999
784 132 138 94 9999
785 149 105 94 9999
786 0 112 94 9999
787 7 82 94 9999
788 98 61 94 9999
789 117 7 94 9999
790 119 147 94 9999
791 19 138 95 9999
792 20 135 95 9999
793 92 30 95 9999
794 42 104 95 9999
795 133 57 95 9999
796 143 50 95 9999
797 100 121 96 9999
798 40 140 96 9999
799 134 47 96 9999
800 125 83 96 9999
801 11 144 96 9999
802 142 130 96 9999
803 141 63 97 9999
804 138 142 97 9999
805 142 80 97 9999
806 22 34 97 9999
807 35 58 97 9999
808 144 80 97 9999
809 108 94 97 9999
810 52 95 97 9999
811 84 22 97 9999
812 37 75 98 9999
813 142 148 98 9999
814 96 36 98 9999
815 30 140 99 9999
816 106 39 99 9999
817 104 98 99 9999
818 22 28 99 9999
819 132 57 99 9999
820 138 126 99 9999
821 137 97 99 9999
822 70 39 99 9999
823 94 5 99 9999
824 114 132 99 9999
825 132 23 99 9999
826 119 136 100 9999
827 103 49 100 9999
828 124 104 100 9999
829 100 86 100 9999
830 60 42 100 9999
831 92 8 100 9999
832 64 23 100 9999
833 141 121 100 9999
834 11 19 100 9999
835 10 90 101 9999
836 66 139 101 9999
837 31 89 101 9999
838 108 17 101 9999
839 6 75 101 9999
840 1 11 101 9999
841 124 28 101 9999
842 115 127 102 9999
843 11 34 102 9999
844 83 86 102 9999
845 77 106 102 9999
846 149 97 102 9999
847 116 10 102 9999
848 89 120 102 9999
849 17 86 102 9999
850 36 58 103 9999
851 36 85 103 9999
852 143 37 103 9999
853 96 19 103 9999
854 117 62 103 9999
855 146 134 103 9999
856 140 67 103 9999
857 145 24 103 9999
858 0 81 103 9999
859 102 8 103 9999
860 80 101 103 9999
861 125 142 104 9999
862 126 34 104 9999
863 119 145 104 9999
864 113 135 104 9999
865 31 101 104 9999
866 30 120 104 9999
867 47 50 104 9999
868 88 11 104 9999
869 46 124 104 9999
870 1 114 105 9999
871 102 82 105 9999
872 25 32 105 9999
873 33 52 105 9999
874 77 73 105 9999
875 49 40 105 9999
876 101 135 105 9999
877 10 96 105 9999
878 99 47 105 9999
879 29 102 105 9999
880 78 149 106 9999
881 63 76 106 9999
882 113 116 106 9999
883 40 134 106 9999
884 44 109 106 9999
885 86 126 106 9999
886 134 21 106 9999
887 9 88 106 9999
888 0 134 106 9999
889 39 40 107 9999
890 31 26 107 9999
891 0 112 107 9999
892 128 78 107 9999
893 14 29 107 9999
894 108 3 108 9999
895 111 127 108 9999
896 55 57 108 9999
897 86 142 108 9999
898 34 122 108 9999
899 65 95 108 9999
900 60 65 109 9999
901 67 26 109 9999
902 58 1 109 9999
903 52 110 109 9999
904 113 82 109 9999
905 38 127 110 9999
906 8 30 110 9999
907 104 119 110 9999
908 7 9 110 9999
909 27 145 110 9999
910 1 113 110 9999
911 117 118 110 9999
912 110 79 110 9999
913 85 92 111 9999
914 107 53 111 9999
915 63 62 111 9999
916 13 78 111 9999
917 46 51 111 9999
918 56 60 111 9999
919 99 141 111 9999
920 69 31 111 9999
921 95 90 111 9999
922 39 104 112 9999
923 132 54 112 9999
924 126 145 112 9999
925 133 114 112 9999
926 87 64 112 9999
927 57 51 112 9999
928 74 110 113 9999
929 43 84 113 9999
930 76 1 113 9999
931 145 25 113 9999
932 44 116 113 9999
933 56 139 113 9999
934 56 147 114 9999
935 3 110 114 9999
936 40 32 114 9999
937 105 23 114 9999
938 48 95 114 9999
939 140 105 114 9999
940 146 116 115 9999
941 90 108 115 9999
942 140 68 115 9999
943 11 135 115 9999
944 93 55 115 9999
945 101 51 115 9999
946 44 60 115 9999
947 101 91 115 9999
948 38 35 115 9999
949 147 148 116 9999
950 0 129 116 9999
951 101 42 116 9999
952 84 149 116 9999
953 60 51 116 9999
954 64 43 116 9999
955 22 55 116 9999
956 111 33 117 9999
957 96 59 117 9999
958 86 58 117 9999
959 10 28 117 9999
960 96 97 117 9999
961 25 94 117 9999
962 74 106 117 9999
963 100 75 117 9999
964 85 103 117 9999
965 19 71 118 9999
966 69 46 118 9999
967 67 144 118 9999
968 3 80 118 9999
969 79 96 118 9999
970 36 70 118 9999
971 94 95 118 9999
972 58 2 118 9999
973 8 86 119 9999
974 94 30 119 9999
975 21 97 119 9999
976 7 8 119 9999
977 50 78 119 9999
978 79 107 119 9999
979 8 103 119 9999
980 79 107 120 9999
981 2 54 120 9999
982 108 90 120 9999
983 26 52 120 9999
984 36 85 120 9999
985 106 96 120 9999
986 73 54 120 9999
987 51 87 120 9999
988 51 133 121 9999
989 19 100 121 9999
990 121 0 121 9999
991 58 31 121 9999
992 6 137 121 9999
993 138 78 121 9999
994 112 1 121 9999
995 133 68 121 9999
996 109 73 121 9999
997 95 64 122 9999
998 107 57 122 9999
999 29 61 122 9999
1000 144 80 122 9999
1001 44 57 122 9999
1002 78 87 122 9999
1003 76 28 122 9999
1004 110 128 122 9999
1005 86 141 122 9999
1006 134 125 122 9999
1007 32 115 123 9999
1008 58 44 123 9999
1009 73 55 123 9999
1010 10 85 123 9999
1011 39 83 123 9999
1012 94 96 123 9999
1013 112 5 123 9999
1014 143 42 124 9999
1015 39 28 124 9999
1016 50 149 124 9999
1017 6 137 124 9999
1018 42 141 124 9999
1019 14 74 125 9999
1020 8 114 125 9999
1021 54 81 125 9999
1022 19 116 125 9999
1023 68 110 125 9999
1024 49 13 125 9999
1025 56 63 125 9999
1026 18 49 125 9999
1027 105 120 125 9999
1028 1 127 125 9999
1029 61 29 126 9999
1030 67 5 126 9999
1031 79 133 126 9999
1032 79 139 126 9999
1033 137 89 126 9999
1034 147 3 126 9999
1035 45 130 126 9999
1036 74 11 126 9999
1037 49 34 126 9999
1038 61 114 127 9999
1039 42 132 127 9999
1040 57 96 127 9999
1041 11 118 127 9999
1042 125 91 127 9999
1043 81 63 127 9999
1044 60 86 127 9999
1045 44 67 127 9999
1046 85 83 127 9999
1047 58 82 127 9999
1048 87 103 127 9999
1049 115 63 127 9999
1050 17 14 128 9999
1051 91 6 128 9999
1052 64 35 128 9999
1053 138 23 128 9999
1054 131 52 128 9999
1055 142 9 128 9999
1056 45 125 128 9999
1057 124 106 129 9999
1058 30 6 129 9999
1059 135 141 129 9999
1060 89 124 129 9999
1061 94 106 129 9999
1062 38 111 129 9999
1063 120 38 129 9999
1064 91 52 129 9999
1065 129 98 129 9999
1066 18 66 129 9999
1067 138 42 129 9999
1068 100 92 129 9999
1069 34 109 129 9999
1070 138 61 129 9999
1071 135 146 129 9999
1072 24 56 130 9999
1073 85 97 130 9999
1074 54 112 130 9999
1075 94 10 130 9999
1076 52 107 130 9999
1077 32 90 130 9999
1078 101 136 130 9999
1079 121 49 130 9999
1080 4 89 131 9999
1081 84 132 131 9999
1082 50 72 131 9999
1083 43 36 131 9999
1084 68 119 131 9999
1085 92 18 131 9999
1086 76 57 131 9999
1087 103 75 131 9999
1088 13 65 131 9999
1089 19 75 131 9999
1090 19 127 131 9999
1091 9 109 131 9999
1092 130 145 131 9999
1093 132 81 132 9999
1094 46 13 132 9999
1095 6 29 132 9999
1096 64 78 133 9999
1097 94 118 133 9999
1098 72 54 133 9999
1099 72 147 133 9999
1100 67 39 133 9999
1101 69 143 133 9999
1102 59 98 133 9999
1103 54 70 133 9999
1104 78 50 133 9999
1105 105 9 134 9999
1106 148 92 134 9999
1107 88 27 134 9999
1108 6 68 134 9999
1109 54 8 134 9999
1110 19 148 134 9999
1111 103 137 134 9999
1112 70 7 135 9999
1113 53 90 135 9999
1114 21 14 135 9999
1115 38 76 135 9999
1116 136 116 135 9999
1117 126 91 135 9999
1118 27 78 135 9999
1119 72 109 135 9999
1120 76 15 135 9999
1121 99 104 136 9999
1122 82 88 136 9999
1123 58 87 136 9999
1124 76 30 136 9999
1125 94 89 136 9999
1126 51 122 136 9999
1127 142 144 136 9999
1128 6 30 136 9999
1129 122 143 136 9999
1130 49 98 137 9999
1131 59 87 137 9999
1132 102 126 137 9999
1133 88 108 137 9999
1134 49 8 137 9999
1135 18 131 137 9999
1136 96 128 137 9999
1137 120 74 137 9999
1138 8 64 137 9999
1139 14 112 138 9999
1140 135 65 138 9999
1141 134 107 138 9999
1142 110 85 138 9999
1143 107 96 138 9999
1144 64 133 138 9999
1145 5 53 138 9999
1146 137 33 138 9999
1147 142 148 139 9999
1148 116 96 139 9999
1149 99 87 139 9999
1150 21 9 139 9999
1151 53 87 139 9999
1152 121 142 139 9999
1153 93 75 139 9999
1154 127 60 139 9999
1155 112 136 140 9999
1156 117 111 140 9999
1157 128 24 140 9999
1158 67 116 140 9999
1159 58 59 140 9999
1160 16 43 140 9999
1161 59 136 140 9999
1162 9 57 140 9999
1163 85 96 140 9999
1164 130 95 140 9999
1165 52 67 140 9999
1166 66 96 141 9999
1167 123 6 141 9999
1168 60 144 141 9999
1169 53 56 141 9999
1170 13 67 141 9999
1171 34 89 141 9999
1172 134 52 141 9999
1173 49 43 141 9999
1174 68 92 141 9999
1175 4 55 141 9999
1176 4 113 142 9999
1177 137 54 142 9999
1178 11 106 142 9999
1179 1 126 142 9999
1180 98 127 142 9999
1181 100 104 142 9999
1182 89 146 142 9999
1183 59 145 143 9999
1184 52 12 143 9999
1185 82 102 144 9999
1186 111 10 144 9999
1187 100 127 144 9999
1188 52 103 144 9999
1189 71 40 144 9999
1190 7 134 144 9999
1191 48 60 144 9999
1192 111 48 144 9999
1193 37 113 144 9999
1194 54 127 144 9999
1195 11 113 144 9999
1196 24 124 145 9999
1197 4 39 145 9999
1198 128 14 145 9999
1199 92 75 145 9999
1200 27 102 145 9999
1201 77 4 145 9999
1202 4 30 145 9999
1203 75 96 146 9999
1204 0 73 147 9999
1205 96 119 147 9999
1206 99 112 147 9999
1207 143 125 147 9999
1208 104 48 147 9999
1209 1 10 148 9999
1210 29 9 148 9999
1211 52 33 148 9999
1212 86 56 148 9999
1213 37 117 148 9999
1214 34 36 148 9999
1215 109 146 149 9999
1216 125 101 149 9999
1217 7 123 149 9999
1218 70 8 149 9999
1219 85 64 149 9999
1220 133 39 150 9999
1221 3 68 150 9999
1222 126 32 150 9999
1223 77 80 151 9999
1224 4 33 151 9999
1225 21 92 151 9999
1226 44 17 151 9999
1227 25 55 151 9999
1228 138 0 151 9999
1229 7 47 151 9999
1230 123 77 151 9999
1231 107 59 151 9999
1232 43 142 152 9999
1233 102 60 152 9999
1234 97 131 152 9999
1235 144 76 152 9999
1236 61 111 152 9999
1237 142 48 152 9999
1238 18 77 152 9999
1239 121 110 152 9999
1240 121 40 153 9999
1241 37 86 153 9999
1242 29 63 153 9999
1243 13 136 153 9999
1244 24 109 153 9999
1245 128 24 154 9999
1246 77 58 154 9999
1247 10 71 154 9999
1248 134 123 154 9999
1249 85 29 154 9999
1250 74 103 154 9999
1251 8 45 154 9999
1252 115 32 154 9999
1253 138 3 154 9999
1254 111 68 154 9999
1255 92 47 154 9999
1256 0 5 154 9999
1257 112 136 154 9999
1258 81 71 154 9999
1259 17 8 154 9999
1260 88 76 155 9999
1261 99 40 155 9999
1262 20 72 155 9999
1263 27 101 155 9999
1264 146 32 155 9999
1265 110 94 156 9999
1266 53 103 156 9999
1267 52 47 156 9999
1268 52 104 156 9999
1269 105 14 156 9999
1270 91 36 156 9999
1271 138 10 156 9999
1272 44 128 156 9999
1273 138 133 156 9999
1274 45 122 156 9999
1275 134 137 156 9999
1276 44 57 156 9999
1277 15 146 156 9999
1278 105 47 157 9999
1279 0 33 157 9999
1280 52 103 157 9999
1281 138 100 157 9999
1282 5 92 157 9999
1283 55 71 157 9999
1284 85 91 157 9999
1285 111 95 158 9999
1286 73 36 158 9999
1287 107 58 158 9999
1288 76 2 158 9999
1289 115 91 158 9999
1290 50 70 158 9999
1291 40 58 158 9999
1292 22 138 158 9999
1293 58 107 158 9999
1294 40 11 158 9999
1295 95 140 158 9999
1296 68 90 158 9999
1297 97 41 158 9999
1298 25 91 159 9999
1299 144 8 159 9999
1300 52 83 159 9999
1301 116 110 159 9999
1302 9 20 159 9999
1303 127 100 159 9999
1304 122 100 159 9999
1305 140 30 159 9999
1306 24 30 159 9999
1307 88 131 159 9999
1308 71 99 159 9999
1309 129 113 159 9999
1310 69 61 160 9999
1311 67 19 160 9999
1312 33 62 160 9999
1313 28 137 161 9999
1314 4 66 161 9999
1315 29 6 161 9999
1316 38 129 161 9999
1317 146 68 161 9999
1318 55 79 161 9999
1319 58 37 162 9999
1320 15 128 162 9999
1321 137 128 162 9999
1322 140 35 162 9999
1323 32 58 163 9999
1324 135 7 163 9999
1325 69 31 163 9999
1326 7 73 163 9999
1327 149 36 163 9999
1328 79 89 163 9999
1329 68 127 163 9999
1330 7 123 163 9999
1331 56 65 163 9999
1332 62 108 164 9999
1333 4 19 164 9999
1334 56 46 164 9999
1335 55 89 164 9999
1336 6 12 164 9999
1337 108 28 164 9999
1338 147 115 164 9999
1339 97 80 164 9999
1340 122 72 164 9999
1341 79 61 164 9999
1342 53 18 164 9999
1343 31 83 165 9999
1344 44 119 165 9999
1345 52 70 165 9999
1346 1 78 165 9999
1347 126 73 165 9999
1348 134 22 165 9999
1349 30 125 165 9999
1350 29 94 165 9999
1351 84 109 165 9999
1352 91 49 165 9999
1353 109 73 165 9999
1354 74 31 165 9999
1355 2 135 165 9999
1356 137 72 166 9999
1357 124 111 166 9999
1358 95 93 166 9999
1359 65 67 166 9999
1360 147 143 166 9999
1361 43 122 166 9999
1362 30 117 166 9999
1363 54 57 166 9999
1364 146 148 166 9999
1365 141 8 166 9999
1366 89 93 166 9999
1367 117 12 166 9999
1368 17 50 167 9999
1369 40 122 167 9999
1370 9 91 168 9999
1371 92 88 168 9999
1372 5 89 168 9999
1373 82 100 168 9999
1374 113 14 168 9999
1375 67 17 168 9999
1376 71 116 168 9999
1377 15 115 168 9999
1378 124 6 168 9999
1379 58 91 168 9999
1380 70 75 169 9999
1381 81 78 169 9999
1382 101 90 169 9999
1383 19 47 169 9999
1384 113 9 169 9999
1385 41 52 169 9999
1386 66 32 169 9999
1387 36 16 169 9999
1388 145 50 169 9999
1389 135 64 170 9999
1390 138 127 170 9999
1391 137 46 170 9999
1392 68 57 170 9999
1393 23 112 170 9999
1394 95 54 170 9999
1395 43 75 170 9999
1396 57 35 170 9999
1397 146 105 170 9999
1398 149 5 170 9999
1399 48 103 170 9999
1400 123 81 170 9999
1401 139 76 171 9999
1402 114 30 171 9999
1403 122 5 171 9999
1404 8 110 171 9999
1405 51 76 171 9999
1406 69 127 171 9999
1407 90 15 171 9999
1408 31 133 171 9999
1409 142 89 172 9999
1410 70 46 172 9999
1411 144 23 172 9999
1412 20 75 173 9999
1413 5 88 173 9999
1414 45 21 173 9999
1415 119 69 173 9999
1416 26 127 173 9999
1417 29 130 173 9999
1418 105 99 174 9999
1419 138 81 174 9999
1420 8 129 174 9999
1421 2 49 174 9999
1422 75 124 174 9999
1423 96 122 174 9999
1424 147 116 174 9999
1425 47 61 174 9999
1426 27 101 174 9999
1427 118 116 174 9999
1428 48 140 174 9999
1429 137 118 174 9999
1430 16 49 174 9999
1431 146 121 174 9999
1432 148 5 175 9999
1433 1 127 175 9999
1434 25 55 175 9999
1435 26 3 175 9999
1436 30 122 175 9999
1437 125 79 175 9999
1438 88 22 175 9999
1439 43 18 175 9999
1440 26 11 176 9999
1441 23 94 176 9999
1442 70 39 177 9999
1443 96 124 177 9999
1444 132 13 177 9999
1445 20 35 177 9999
1446 140 97 177 9999
1447 142 68 177 9999
1448 100 22 177 9999
1449 93 75 177 9999
1450 4 83 177 9999
1451 0 47 177 9999
1452 101 78 177 9999
1453 58 137 178 9999
1454 51 32 178 9999
1455 101 97 178 9999
1456 52 66 178 9999
1457 43 26 178 9999
1458 100 108 178 9999
1459 98 37 178 9999
1460 0 98 179 9999
1461 104 12 179 9999
1462 26 108 179 9999
1463 147 78 179 9999
1464 5 99 179 9999
1465 58 63 179 9999
1466 86 14 179 9999
1467 77 51 179 9999
1468 65 109 179 9999
1469 54 64 180 9999
1470 90 70 180 9999
1471 118 91 180 9999
1472 107 21 180 9999
1473 39 90 180 9999
1474 139 143 181 9999
1475 1 47 181 9999
1476 8 2 181 9999
1477 105 123 181 9999
1478 141 22 181 9999
1479 51 42 181 9999
1480 139 62 181 9999
1481 96 54 181 9999
1482 126 119 181 9999
1483 116 119 182 9999
1484 49 105 182 9999
1485 1 140 182 9999
1486 97 42 182 9999
1487 133 3 183 9999
1488 111 46 183 9999
1489 111 119 183 9999
1490 71 102 183 9999
1491 141 24 183 9999
1492 46 130 183 9999
1493 87 143 184 9999
1494 52 84 184 9999
1495 53 39 184 9999
1496 46 4 184 9999
1497 46 47 184 9999
1498 144 46 184 9999
1499 142 29 184 9999
1500 49 56 184 9999
1501 67 8 185 9999
1502 136 87 185 9999
1503 124 127 185 9999
1504 111 21 185 9999
1505 108 100 185 9999
1506 66 96 185 9999
1507 66 80 185 9999
1508 149 0 185 9999
1509 35 38 185 9999
1510 47 40 185 9999
1511 84 146 185 9999
1512 86 130 185 9999
1513 40 116 185 9999
1514 82 96 186 9999
1515 101 14 186 9999
1516 2 90 186 9999
1517 41 130 186 9999
1518 103 114 186 9999
1519 140 54 186 9999
1520 30 86 187 9999
1521 22 47 187 9999
1522 25 121 187 9999
1523 139 110 187 9999
1524 20 76 187 9999
1525 142 60 187 9999
1526 42 74 187 9999
1527 59 29 187 9999
1528 119 75 187 9999
1529 130 133 187 9999
1530 77 70 188 9999
1531 138 99 188 9999
1532 130 70 189 9999
1533 75 76 189 9999
1534 32 101 189 9999
1535 48 21 189 9999
1536 113 120 189 9999
1537 97 7 189 9999
1538 82 41 189 9999
1539 134 141 189 9999
1540 71 103 189 9999
1541 66 103 189 9999
1542 138 46 189 9999
1543 76 13 190 9999
1544 7 132 190 9999
1545 26 95 190 9999
1546 36 108 190 9999
1547 20 112 190 9999
1548 42 23 190 9999
1549 62 64 190 9999
1550 38 32 190 9999
1551 63 98 190 9999
1552 115 7 190 9999
1553 82 8 190 9999
1554 78 87 190 9999
1555 127 83 190 9999
1556 75 23 191 9999
1557 11 96 191 9999
1558 35 45 191 9999
1559 122 32 191 9999
1560 81 132 191 9999
1561 105 96 191 9999
1562 25 128 191 9999
1563 8 89 191 9999
1564 69 93 191 9999
1565 54 17 191 9999
1566 110 61 192 9999
1567 88 147 192 9999
1568 125 13 192 9999
1569 20 36 192 9999
1570 56 101 192 9999
1571 48 2 192 9999
1572 38 145 192 9999
1573 124 123 192 9999
1574 129 106 192 9999
1575 78 75 193 9999
1576 122 79 193 9999
1577 130 27 193 9999
1578 96 90 193 9999
1579 140 97 193 9999
1580 13 32 193 9999
1581 87 10 193 9999
1582 7 101 193 9999
1583 83 43 193 9999
1584 7 86 194 9999
1585 139 35 194 9999
1586 149 118 194 9999
1587 141 77 194 9999
1588 95 123 194 9999
1589 88 80 194 9999
1590 147 17 194 9999
1591 113 24 194 9999
1592 16 105 194 9999
1593 15 118 194 9999
1594 99 103 194 9999
1595 129 106 195 9999
1596 15 50 195 9999
1597 97 76 195 9999
1598 76 138 195 9999
1599 111 76 195 9999
1600 8 102 195 9999
1601 55 103 195 9999
1602 127 143 195 9999
1603 85 125 196 9999
1604 27 56 196 9999
1605 118 42 196 9999
1606 24 67 196 9999
1607 47 3 196 9999
1608 23 3 196 9999
1609 117 127 196 9999
1610 18 69 196 9999
1611 126 94 196 9999
1612 146 114 197 9999
1613 60 29 197 9999
1614 127 37 197 9999
1615 75 114 197 9999
1616 64 86 197 9999
1617 65 116 197 9999
1618 15 121 197 9999
1619 84 109 197 9999
1620 145 2 198 9999
1621 10 70 198 9999
1622 106 81 198 9999
1623 140 82 198 9999
1624 25 38 198 9999
1625 46 133 198 9999
1626 12 70 198 9999
1627 43 41 198 9999
1628 99 132 198 9999
1629 116 47 198 9999
1630 104 31 199 9999
1631 149 131 199 9999
1632 101 1 199 9999
1633 40 2 199 9999
1634 131 102 199 9999
1635 125 87 200 9999
1636 111 55 200 9999
1637 118 146 200 9999
1638 67 91 200 9999
1639 39 10 200 9999
1640 92 73 200 9999
1641 29 58 200 9999
1642 120 133 201 9999
1643 97 87 201 9999
1644 90 49 201 9999
1645 88 130 201 9999
1646 103 121 201 9999
1647 134 78 201 9999
1648 59 70 201 9999
1649 95 131 201 9999
1650 83 0 201 9999
1651 1 79 201 9999
1652 119 92 201 9999
1653 20 130 201 9999
1654 87 93 202 9999
1655 44 39 202 9999
1656 53 3 202 9999
1657 38 140 202 9999
1658 93 87 202 9999
1659 131 125 202 9999
1660 41 102 202 9999
1661 12 21 202 9999
1662 63 82 202 9999
1663 117 44 202 9999
1664 15 19 202 9999
1665 46 94 203 9999
1666 21 127 203 9999
1667 109 30 203 9999
1668 25 75 203 9999
1669 126 116 203 9999
1670 31 130 203 9999
1671 4 21 204 9999
1672 3 35 204 9999
1673 7 15 204 9999
1674 56 122 204 9999
1675 97 75 204 9999
1676 17 14 204 9999
1677 95 63 204 9999
1678 108 136 204 9999
1679 103 124 205 9999
1680 89 8 205 9999
1681 61 117 205 9999
1682 124 92 205 9999
1683 149 128 205 9999
1684 15 125 205 9999
1685 122 30 205 9999
1686 7 31 205 9999
1687 45 116 205 9999
1688 3 142 205 9999
1689 41 20 206 9999
1690 16 24 206 9999
1691 89 42 206 9999
1692 83 72 206 9999
1693 27 22 206 9999
1694 132 88 206 9999
1695 42 106 206 9999
1696 82 41 206 9999
1697 136 0 206 9999
1698 68 109 206 9999
1699 122 98 207 9999
1700 134 58 207 9999
1701 89 78 207 9999
1702 79 147 207 9999
1703 116 64 207 9999
1704 65 43 208 9999
1705 29 135 208 9999
1706 51 11 208 9999
1707 125 145 208 9999
1708 19 110 208 9999
1709 36 6 208 9999
1710 12 7 208 9999
1711 17 36 209 9999
1712 53 72 209 9999
1713 149 142 209 9999
1714 0 130 209 9999
1715 140 18 209 9999
1716 97 55 209 9999
1717 61 54 209 9999
1718 65 90 209 9999
1719 84 50 210 9999
1720 38 17 210 9999
1721 37 74 210 9999
1722 23 101 210 9999
1723 133 40 210 9999
1724 137 141 210 9999
1725 127 78 210 9999
1726 96 101 210 9999
1727 130 88 210 9999
1728 3 110 210 9999
1729 130 22 211 9999
1730 14 3 211 9999
1731 127 0 211 9999
1732 105 20 211 9999
1733 147 32 211 9999
1734 58 14 212 9999
1735 73 18 212 9999
1736 129 61 212 9999
1737 61 9 212 9999
1738 139 7 212 9999
1739 110 119 212 9999
1740 96 16 212 9999
1741 132 128 212 9999
1742 38 91 212 9999
1743 66 75 213 9999
1744 7 24 213 9999
1745 125 5 213 9999
1746 57 34 213 9999
1747 19 81 213 9999
1748 69 109 213 9999
1749 4 139 213 9999
1750 140 65 213 9999
1751 51 107 213 9999
1752 58 12 213 9999
1753 128 56 214 9999
1754 118 104 214 9999
1755 101 95 214 9999
1756 111 21 214 9999
1757 50 119 214 9999
1758 45 26 214 9999
1759 26 4 214 9999
1760 112 45 214 9999
1761 85 31 214 9999
1762 56 90 214 9999
1763 20 99 214 9999
1764 57 123 214 9999
1765 0 66 215 9999
1766 140 92 215 9999
1767 57 25 215 9999
1768 112 63 215 9999
1769 29 110 215 9999
1770 77 50 215 9999
1771 10 46 215 9999
1772 147 88 215 9999
1773 124 54 215 9999
1774 50 71 215 9999
1775 139 81 216 9999
1776 129 91 216 9999
1777 127 129 216 9999
1778 7 61 216 9999
1779 44 104 216 9999
1780 52 38 216 9999
1781 64 129 216 9999
1782 53 29 216 9999
1783 8 13 216 9999
1784 106 110 216 9999
1785 75 54 216 9999
1786 10 14 216 9999
1787 28 64 217 9999
1788 48 130 217 9999
1789 87 104 217 9999
1790 109 28 217 9999
1791 133 88 217 9999
1792 87 45 217 9999
1793 34 94 217 9999
1794 149 73 217 9999
1795 8 128 217 9999
1796 28 37 217 9999
1797 39 41 217 9999
1798 46 149 217 9999
1799 18 100 217 9999
1800 9 32 217 9999
1801 129 73 218 9999
1802 47 59 218 9999
1803 116 53 218 9999
1804 70 46 218 9999
1805 36 8 218 9999
1806 133 95 218 9999
1807 77 132 218 9999
1808 70 137 218 9999
1809 13 98 218 9999
1810 77 52 218 9999
1811 41 123 218 9999
1812 103 59 218 9999
1813 125 113 219 9999
1814 143 85 219 9999
1815 19 92 219 9999
1816 46 37 219 9999
1817 145 116 219 9999
1818 83 31 219 9999
1819 27 119 219 9999
1820 15 122 219 9999
1821 98 49 219 9999
1822 42 138 220 9999
1823 114 31 220 9999
1824 90 120 220 9999
1825 142 65 220 9999
1826 83 136 220 9999
1827 72 73 220 9999
1828 129 7 220 9999
1829 145 71 220 9999
1830 54 32 220 9999
1831 118 72 220 9999
1832 18 52 221 9999
1833 71 39 221 9999
1834 18 15 221 9999
1835 27 133 221 9999
1836 5 144 221 9999
1837 149 88 221 9999
1838 84 119 221 9999
1839 133 52 221 9999
1840 104 119 221 9999
1841 124 28 221 9999
1842 99 33 221 9999
1843 23 72 221 9999
1844 139 107 222 9999
1845 145 63 222 9999
1846 66 114 222 9999
1847 37 106 222 9999
1848 34 52 222 9999
1849 133 17 222 9999
1850 110 30 222 9999
1851 17 100 222 9999
1852 16 136 222 9999
1853 83 68 222 9999
1854 91 53 222 9999
1855 94 21 223 9999
1856 28 117 223 9999
1857 105 121 223 9999
1858 29 133 224 9999
1859 34 32 224 9999
1860 5 69 224 9999
1861 84 41 224 9999
1862 138 44 224 9999
1863 71 57 225 9999
1864 130 58 225 9999
1865 37 85 225 9999
1866 54 110 225 9999
1867 139 32 225 9999
1868 108 70 225 9999
1869 0 63 225 9999
1870 41 81 225 9999
1871 46 112 225 9999
1872 76 96 226 9999
1873 117 95 226 9999
1874 44 106 226 9999
1875 41 17 226 9999
1876 13 88 226 9999
1877 59 109 226 9999
1878 69 19 227 9999
1879 8 98 227 9999
1880 106 116 227 9999
1881 18 8 227 9999
1882 82 111 228 9999
1883 68 126 228 9999
1884 70 78 228 9999
1885 130 37 228 9999
1886 23 76 228 9999
1887 45 65 228 9999
1888 146 59 228 9999
1889 3 55 229 9999
1890 119 83 229 9999
1891 147 127 229 9999
1892 31 5 229 9999
1893 146 49 229 9999
1894 13 78 229 9999
1895 10 57 229 9999
1896 108 136 229 9999
1897 125 85 229 9999
1898 108 53 229 9999
1899 65 47 229 9999
1900 129 141 230 9999
1901 54 99 230 9999
1902 94 124 230 9999
1903 126 18 230 9999
1904 145 59 230 9999
1905 68 25 230 9999
1906 142 73 230 9999
1907 21 41 230 9999
1908 139 1 230 9999
1909 103 46 230 9999
1910 109 141 230 9999
1911 73 44 231 9999
1912 147 59 231 9999
1913 3 90 231 9999
1914 103 42 231 9999
1915 46 105 231 9999
1916 39 72 231 9999
1917 133 57 231 9999
1918 68 94 231 9999
1919 27 93 231 9999
1920 86 3 231 9999
1921 16 29 231 9999
1922 142 17 231 9999
1923 132 90 231 9999
1924 28 124 232 9999
1925 145 84 232 9999
1926 122 55 232 9999
1927 139 114 232 9999
1928 60 84 232 9999
1929 10 15 232 9999
1930 123 135 232 9999
1931 50 82 232 9999
1932 53 144 232 9999
1933 110 146 232 9999
1934 132 113 232 9999
1935 12 11 232 9999
1936 7 81 233 9999
1937 20 116 233 9999
1938 84 145 233 9999
1939 111 71 233 9999
1940 20 16 233 9999
1941 112 36 233 9999
1942 77 46 233 9999
1943 99 144 234 9999
1944 56 137 234 9999
1945 91 16 234 9999
1946 35 74 234 9999
1947 31 99 234 9999
1948 137 90 234 9999
1949 30 131 234 9999
1950 141 41 234 9999
1951 53 107 234 9999
1952 126 101 235 9999
1953 137 61 235 9999
1954 59 64 235 9999
1955 10 8 235 9999
1956 110 81 235 9999
1957 144 57 235 9999
1958 137 33 235 9999
1959 149 55 235 9999
1960 68 125 235 9999
1961 138 17 235 9999
1962 112 78 235 9999
1963 99 146 235 9999
1964 69 141 235 9999
1965 101 78 236 9999
1966 118 127 236 9999
1967 134 29 236 9999
1968 89 100 236 9999
1969 39 149 236 9999
1970 60 23 236 9999
1971 144 118 236 9999
1972 62 27 237 9999
1973 46 8 237 9999
1974 15 60 237 9999
1975 139 17 237 9999
1976 56 110 238 9999
1977 79 14 238 9999
1978 88 47 238 9999
1979 142 124 238 9999
1980 128 81 238 9999
1981 74 18 238 9999
1982 80 36 239 9999
1983 5 4 239 9999
1984 127 77 239 9999
1985 2 75 239 9999
1986 86 69 239 9999
1987 136 127 239 9999
1988 86 94 240 9999
1989 126 23 240 9999
1990 19 116 240 9999
1991 122 63 240 9999
1992 90 101 240 9999
1993 46 66 240 9999
1994 21 28 240 9999
1995 5 114 240 9999
1996 5 61 240 9999
1997 21 61 240 9999
1998 91 99 240 9999
1999 63 16 240 9999
2000 87 132 241 9999
2001 149 1 241 9999
2002 65 55 241 9999
2003 30 141 241 9999
2004 126 146 241 9999
2005 15 39 241 9999
2006 87 116 242 9999
2007 16 8 242 9999
2008 55 73 242 9999
2009 122 77 242 9999
2010 36 115 242 9999
2011 78 1 242 9999
2012 33 15 242 9999
2013 133 88 242 9999
2014 79 6 242 9999
2015 139 132 242 9999
2016 72 44 242 9999
2017 12 115 242 9999
2018 21 9 243 9999
2019 51 100 243 9999
2020 1 90 243 9999
2021 18 62 243 9999
2022 146 143 243 9999
2023 86 125 243 9999
2024 29 103 243 9999
2025 53 30 244 9999
2026 126 49 244 9999
2027 72 115 244 9999
2028 31 46 244 9999
2029 10 44 244 9999
2030 63 31 244 9999
2031 105 95 244 9999
2032 143 103 244 9999
2033 146 145 244 9999
2034 104 139 244 9999
2035 13 68 244 9999
2036 135 58 244 9999
2037 56 110 245 9999
2038 117 146 245 9999
2039 133 33 245 9999
2040 122 84 245 9999
2041 7 88 245 9999
2042 115 53 245 9999
2043 0 9 245 9999
2044 116 83 245 9999
2045 114 61 245 9999
2046 128 119 245 9999
2047 110 124 245 9999
2048 74 99 245 9999
2049 39 44 246 9999
2050 96 35 246 9999
2051 110 11 246 9999
2052 55 8 246 9999
2053 46 140 246 9999
2054 131 130 246 9999
2055 147 121 246 9999
2056 147 50 246 9999
2057 23 59 247 9999
2058 31 84 247 9999
2059 45 141 247 9999
2060 110 119 247 9999
2061 90 0 247 9999
2062 65 76 247 9999
2063 0 16 247 9999
2064 74 35 247 9999
2065 127 137 247 9999
2066 142 37 247 9999
2067 33 132 248 9999
2068 41 63 248 9999
2069 81 64 248 9999
2070 122 149 248 9999
2071 20 99 248 9999
2072 31 7 248 9999
2073 144 22 248 9999
2074 117 15 248 9999
2075 15 117 248 9999
2076 81 143 249 9999
2077 55 126 249 9999
2078 55 47 249 9999
2079 14 141 249 9999
2080 82 84 249 9999
2081 56 61 249 9999
2082 28 21 249 9999
2083 45 92 250 9999
2084 145 127 250 9999
2085 22 139 250 9999
2086 52 139 250 9999
2087 5 67 250 9999
2088 9 86 250 9999
2089 60 28 250 9999
2090 85 30 250 9999
2091 135 114 250 9999
2092 86 85 251 9999
2093 114 35 251 9999
2094 130 142 251 9999
2095 109 25 251 9999
2096 137 4 251 9999
2097 122 2 251 9999
2098 51 99 251 9999
2099 76 41 251 9999
2100 1 117 251 9999
2101 98 120 251 9999
2102 126 86 251 9999
2103 83 57 252 9999
2104 37 101 252 9999
2105 29 67 252 9999
2106 80 46 252 9999
2107 32 116 252 9999
2108 27 76 252 9999
2109 127 104 252 9999
2110 63 131 252 9999
2111 76 117 252 9999
2112 85 78 253 9999
2113 11 126 253 9999
2114 4 39 253 9999
2115 62 87 253 9999
2116 96 135 253 9999
2117 102 41 253 9999
2118 75 54 253 9999
2119 70 142 253 9999
2120 134 117 253 9999
2121 24 2 253 9999
2122 46 3 253 9999
2123 129 0 254 9999
2124 86 98 254 9999
2125 57 129 254 9999
2126 126 38 254 9999
2127 140 4 254 9999
2128 42 30 255 9999
2129 5 134 255 9999
2130 69 80 255 9999
2131 90 42 255 9999
2132 73 126 255 9999
2133 9 149 255 9999
2134 31 107 255 9999
2135 2 10 255 9999
2136 9 121 255 9999
2137 75 138 255 9999
2138 57 23 256 9999
2139 136 131 256 9999
2140 55 80 256 9999
2141 63 23 256 9999
2142 112 91 256 9999
2143 29 148 256 9999
2144 63 109 256 9999
2145 140 105 256 9999
2146 32 116 256 9999
2147 16 84 256 9999
2148 147 123 256 9999
2149 86 60 257 9999
2150 23 68 257 9999
2151 61 120 257 9999
2152 7 112 257 9999
2153 8 138 257 9999
2154 18 89 257 9999
2155 51 93 257 9999
2156 103 44 257 9999
2157 24 101 257 9999
2158 9 134 258 9999
2159 109 32 258 9999
2160 2 9 258 9999
2161 57 141 258 9999
2162 69 92 258 9999
2163 2 106 258 9999
2164 115 71 258 9999
2165 17 137 258 9999
2166 130 32 259 9999
2167 85 71 259 9999
2168 45 90 259 9999
2169 17 70 259 9999
2170 41 27 259 9999
2171 106 86 259 9999
2172 43 76 259 9999
2173 45 76 260 9999
2174 122 77 260 9999
2175 127 124 260 9999
2176 86 144 260 9999
2177 97 103 260 9999
2178 132 77 260 9999
2179 37 30 260 9999
2180 97 139 260 9999
2181 115 70 260 9999
2182 87 55 260 9999
2183 88 59 260 9999
2184 148 17 261 9999
2185 91 31 261 9999
2186 90 72 261 9999
2187 40 126 261 9999
2188 96 117 261 9999
2189 5 71 261 9999
2190 105 0 261 9999
2191 18 59 261 9999
2192 34 148 262 9999
2193 138 81 262 9999
2194 16 127 262 9999
2195 38 6 262 9999
2196 36 88 262 9999
2197 75 103 262 9999
2198 74 37 262 9999
2199 96 7 262 9999
2200 128 19 262 9999
2201 47 104 262 9999
2202 17 67 262 9999
2203 11 88 262 9999
2204 22 11 262 9999
2205 9 133 262 9999
2206 97 7 263 9999
2207 22 144 263 9999
2208 20 51 263 9999
2209 84 78 263 9999
2210 87 22 263 9999
2211 3 92 263 9999
2212 96 41 263 9999
2213 38 104 263 9999
2214 71 109 264 9999
2215 120 88 264 9999
2216 117 143 264 9999
2217 2 28 264 9999
2218 28 99 264 9999
2219 35 10 264 9999
2220 65 92 264 9999
2221 84 59 264 9999
2222 14 135 265 9999
2223 68 148 265 9999
2224 66 15 265 9999
2225 91 7 265 9999
2226 21 12 265 9999
2227 18 74 265 9999
2228 141 145 265 9999
2229 45 80 265 9999
2230 15 90 265 9999
2231 82 43 265 9999
2232 118 83 265 9999
2233 131 31 265 9999
2234 148 73 266 9999
2235 3 6 266 9999
2236 82 127 266 9999
2237 74 81 266 9999
2238 96 141 266 9999
2239 74 103 266 9999
2240 64 87 266 9999
2241 23 139 266 9999
2242 78 71 266 9999
2243 86 60 267 9999
2244 31 46 267 9999
2245 128 64 267 9999
2246 129 126 267 9999
2247 39 147 267 9999
2248 86 29 267 9999
2249 52 144 267 9999
2250 111 81 267 9999
2251 69 94 267 9999
2252 27 112 268 9999
2253 8 56 268 9999
2254 68 138 268 9999
2255 127 4 268 9999
2256 49 115 268 9999
2257 82 93 268 9999
2258 146 30 268 9999
2259 123 61 269 9999
2260 59 88 269 9999
2261 129 111 269 9999
2262 83 143 269 9999
2263 94 54 269 9999
2264 139 24 269 9999
2265 68 60 269 9999
2266 56 147 269 9999
2267 68 14 269 9999
2268 65 109 269 9999
2269 43 69 269 9999
2270 8 60 269 9999
2271 1 3 269 9999
2272 109 84 270 9999
2273 129 74 270 9999
2274 55 119 270 9999
2275 54 68 270 9999
2276 104 99 271 9999
2277 36 129 271 9999
2278 51 145 271 9999
2279 126 119 272 9999
2280 7 13 272 9999
2281 40 67 272 9999
2282 67 44 272 9999
2283 78 1 272 9999
2284 73 0 272 9999
2285 147 52 273 9999
2286 31 22 273 9999
2287 28 130 273 9999
2288 86 88 273 9999
2289 120 123 273 9999
2290 67 21 273 9999
2291 20 96 273 9999
2292 43 133 273 9999
2293 40 75 273 9999
2294 140 53 274 9999
2295 62 38 274 9999
2296 23 135 274 9999
2297 39 20 274 9999
2298 89 16 274 9999
2299 124 12 275 9999
2300 27 135 275 9999
2301 31 49 275 9999
2302 10 0 275 9999
2303 123 30 275 9999
2304 96 68 275 9999
2305 65 136 275 9999
2306 143 56 275 9999
2307 92 11 275 9999
2308 68 114 275 9999
2309 73 8 275 9999
2310 138 58 275 9999
2311 99 8 276 9999
2312 114 12 276 9999
2313 83 4 276 9999
2314 91 68 276 9999
2315 87 43 276 9999
2316 78 88 276 9999
2317 16 10 276 9999
2318 34 136 276 9999
2319 76 73 277 9999
2320 43 102 277 9999
2321 129 116 277 9999
2322 110 117 277 9999
2323 77 112 277 9999
2324 28 126 277 9999
2325 77 63 277 9999
2326 90 48 277 9999
2327 147 31 277 9999
2328 117 84 278 9999
2329 142 108 278 9999
2330 109 30 278 9999
2331 34 84 278 9999
2332 62 68 278 9999
2333 99 7 278 9999
2334 72 130 278 9999
2335 123 84 278 9999
2336 0 102 279 9999
2337 124 45 279 9999
2338 123 116 279 9999
2339 93 22 279 9999
2340 147 60 279 9999
2341 107 124 279 9999
2342 8 31 279 9999
2343 18 116 279 9999
2344 42 49 279 9999
2345 52 126 279 9999
2346 13 22 279 9999
2347 127 20 279 9999
2348 94 10 280 9999
2349 50 127 280 9999
2350 90 31 280 9999
2351 3 37 280 9999
2352 4 119 280 9999
2353 130 27 280 9999
2354 18 93 280 9999
2355 36 44 280 9999
2356 3 119 280 9999
2357 63 21 280 9999
2358 64 14 280 9999
2359 73 92 280 9999
2360 79 95 281 9999
2361 80 98 281 9999
2362 21 142 281 9999
2363 148 134 281 9999
2364 29 1 281 9999
2365 21 86 281 9999
2366 22 53 281 9999
2367 15 41 282 9999
2368 149 124 282 9999
2369 50 72 282 9999
2370 38 64 282 9999
2371 145 131 282 9999
2372 143 142 283 9999
2373 85 145 283 9999
2374 7 77 283 9999
2375 143 5 283 9999
2376 61 75 283 9999
2377 59 134 283 9999
2378 63 81 283 9999
2379 37 78 283 9999
2380 24 86 283 9999
2381 83 110 283 9999
2382 137 57 283 9999
2383 10 60 284 9999
2384 129 22 284 9999
2385 2 134 284 9999
2386 69 137 284 9999
2387 69 64 284 9999
2388 144 48 284 9999
2389 57 52 284 9999
2390 11 132 285 9999
2391 94 84 285 9999
2392 25 119 285 9999
2393 20 108 285 9999
2394 79 8 285 9999
2395 68 141 285 9999
2396 120 14 285 9999
2397 118 77 285 9999
2398 45 141 286 9999
2399 67 0 286 9999
2400 26 61 286 9999
2401 48 83 286 9999
2402 15 59 286 9999
2403 118 126 286 9999
2404 54 65 286 9999
2405 123 40 286 9999
2406 143 92 286 9999
2407 61 3 286 9999
2408 73 69 286 9999
2409 71 116 287 9999
2410 18 32 287 9999
2411 128 98 287 9999
2412 113 90 287 9999
2413 67 113 287 9999
2414 18 30 287 9999
2415 63 3 287 9999
2416 46 122 287 9999
2417 121 74 287 9999
2418 78 89 287 9999
2419 47 119 288 9999
2420 137 114 288 9999
2421 1 59 288 9999
2422 81 92 288 9999
2423 46 68 288 9999
2424 12 131 288 9999
2425 98 12 288 9999
2426 94 90 288 9999
2427 79 110 288 9999
2428 108 12 288 9999
2429 75 13 289 9999
2430 34 28 289 9999
2431 126 82 289 9999
2432 49 110 289 9999
2433 123 131 289 9999
2434 97 140 289 9999
2435 34 6 290 9999
2436 41 86 290 9999
2437 41 53 290 9999
2438 82 131 290 9999
2439 35 94 290 9999
2440 141 47 290 9999
2441 20 4 290 9999
2442 7 120 290 9999
2443 41 93 290 9999
2444 148 69 290 9999
2445 25 48 290 9999
2446 29 51 290 9999
2447 29 127 290 9999
2448 93 116 291 9999
2449 140 107 291 9999
2450 35 76 291 9999
2451 50 89 291 9999
2452 9 83 291 9999
2453 26 103 291 9999
2454 126 73 292 9999
2455 93 74 292 9999
2456 75 144 292 9999
2457 143 3 292 9999
2458 94 75 292 9999
2459 106 25 292 9999
2460 104 49 293 9999
2461 136 130 293 9999
2462 124 21 293 9999
2463 108 24 293 9999
2464 12 19 293 9999
2465 9 38 293 9999
2466 123 135 294 9999
2467 145 144 294 9999
2468 143 123 294 9999
2469 40 137 294 9999
2470 28 134 294 9999
2471 114 134 294 9999
2472 9 68 294 9999
2473 85 1 294 9999
2474 57 102 294 9999
2475 137 89 294 9999
2476 76 60 294 9999
2477 48 2 295 9999
2478 111 92 295 9999
2479 48 125 295 9999
2480 143 65 295 9999
2481 22 39 295 9999
2482 59 47 295 9999
2483 79 98 295 9999
2484 75 115 295 9999
2485 62 111 295 9999
2486 124 32 295 9999
2487 46 27 295 9999
2488 89 148 295 9999
2489 66 81 296 9999
2490 30 50 296 9999
2491 0 93 296 9999
2492 63 145 297 9999
2493 109 15 297 9999
2494 79 18 297 9999
2495 62 60 297 9999
2496 18 40 297 9999
2497 25 80 297 9999
2498 1 51 297 9999
2499 112 48 297 9999
2500 131 103 298 9999
2501 127 24 298 9999
2502 117 7 298 9999
2503 126 20 298 9999
2504 101 92 298 9999
2505 15 144 298 9999
2506 32 55 298 9999
2507 103 99 298 9999
2508 36 23 298 9999
2509 12 148 298 9999
2510 41 52 299 9999
2511 28 37 299 9999
2512 3 9 299 9999
2513 141 4 299 9999
2514 57 77 299 9999
2515 131 133 299 9999
2516 97 40 299 9999
2517 110 117 299 9999
2518 43 52 299 9999
2519 34 90 299 9999
2520 136 141 299 9999
2521 43 86 299 9999
2522 27 67 300 9999
2523 104 2 300 9999
2524 34 59 300 9999
2525 30 71 300 9999
2526 115 40 300 9999
2527 114 21 300 9999
2528 149 94 301 9999
2529 94 92 301 9999
2530 60 40 301 9999
2531 46 94 301 9999
2532 130 85 301 9999
2533 85 75 301 9999
2534 73 14 302 9999
2535 55 27 302 9999
2536 93 89 302 9999
2537 138 123 302 9999
2538 10 103 302 9999
2539 65 27 302 9999
2540 26 64 302 9999
2541 121 80 303 9999
2542 41 72 303 9999
2543 117 140 303 9999
2544 68 97 303 9999
2545 75 3 303 9999
2546 22 148 303 9999
2547 69 67 303 9999
2548 123 10 304 9999
2549 113 40 304 9999
2550 128 25 304 9999
2551 46 96 304 9999
2552 52 72 304 9999
2553 10 23 304 9999
2554 3 57 304 9999
2555 87 80 304 9999
2556 1 61 304 9999
2557 47 141 304 9999
2558 129 46 304 9999
2559 66 34 304 9999
2560 120 116 305 9999
2561 15 113 305 9999
2562 141 20 305 9999
2563 76 31 305 9999
2564 51 4 305 9999
2565 129 147 305 9999
2566 56 52 305 9999
2567 7 132 305 9999
2568 107 117 305 9999
2569 69 89 305 9999
2570 118 131 305 9999
2571 136 109 305 9999
2572 110 84 306 9999
2573 43 0 306 9999
2574 144 132 306 9999
2575 68 107 306 9999
2576 123 88 306 9999
2577 86 56 306 9999
2578 41 90 306 9999
2579 36 38 306 9999
2580 146 140 306 9999
2581 98 128 306 9999
2582 97 65 306 9999
2583 100 88 307 9999
2584 44 93 307 9999
2585 60 121 307 9999
2586 140 16 307 9999
2587 14 43 307 9999
2588 10 48 307 9999
2589 111 20 307 9999
2590 21 101 308 9999
2591 98 15 308 9999
2592 31 146 308 9999
2593 57 129 308 9999
2594 27 56 308 9999
2595 96 127 308 9999
2596 144 31 308 9999
2597 110 120 308 9999
2598 75 53 308 9999
2599 30 98 308 9999
2600 44 99 308 9999
2601 14 139 309 9999
2602 31 135 309 9999
2603 103 39 309 9999
2604 115 96 309 9999
2605 39 32 309 9999
2606 30 36 309 9999
2607 142 61 309 9999
2608 63 48 309 9999
2609 8 92 309 9999
2610 43 91 309 9999
2611 52 65 309 9999
2612 17 105 309 9999
2613 148 17 310 9999
2614 40 108 310 9999
2615 146 42 310 9999
2616 42 34 310 9999
2617 146 133 310 9999
2618 51 144 311 9999
2619 59 127 311 9999
2620 86 24 311 9999
2621 26 146 311 9999
2622 116 121 311 9999
2623 139 18 311 9999
2624 36 58 311 9999
2625 123 86 311 9999
2626 76 77 311 9999
2627 33 10 312 9999
2628 62 86 312 9999
2629 92 58 312 9999
2630 69 45 312 9999
2631 52 92 312 9999
2632 31 129 312 9999
2633 53 8 312 9999
2634 117 77 312 9999
2635 86 15 312 9999
2636 95 57 312 9999
2637 4 113 313 9999
2638 82 139 313 9999
2639 66 18 313 9999
2640 51 85 313 9999
2641 62 109 313 9999
2642 49 50 313 9999
2643 104 107 313 9999
2644 119 149 314 9999
2645 41 69 314 9999
2646 91 60 314 9999
2647 49 27 315 9999
2648 79 10 315 9999
2649 35 142 315 9999
2650 149 19 315 9999
2651 33 117 315 9999
2652 37 84 315 9999
2653 104 1 315 9999
2654 96 4 315 9999
2655 51 50 315 9999
2656 13 73 316 9999
2657 34 18 316 9999
2658 106 125 316 9999
2659 78 5 316 9999
2660 54 3 316 9999
2661 52 41 316 9999
2662 135 62 316 9999
2663 76 127 316 9999
2664 61 148 316 9999
2665 63 80 316 9999
2666 35 147 317 9999
2667 90 140 317 9999
2668 45 6 317 9999
2669 63 147 317 9999
2670 133 2 317 9999
2671 31 2 317 9999
2672 109 58 317 9999
2673 132 16 317 9999
2674 112 38 317 9999
2675 68 4 318 9999
2676 52 93 318 9999
2677 32 115 318 9999
2678 75 68 318 9999
2679 15 64 318 9999
2680 7 10 318 9999
2681 56 49 318 9999
2682 56 62 318 9999
2683 15 105 318 9999
2684 46 17 318 9999
2685 38 100 319 9999
2686 45 110 319 9999
2687 120 15 319 9999
2688 16 143 319 9999
2689 48 51 319 9999
2690 46 43 320 9999
2691 1 78 320 9999
2692 85 60 320 9999
2693 89 141 320 9999
2694 12 47 320 9999
2695 54 27 320 9999
2696 2 100 320 9999
2697 44 92 320 9999
2698 50 73 320 9999
2699 90 34 320 9999
2700 20 50 320 9999
2701 5 35 320 9999
2702 67 50 320 9999
2703 83 118 320 9999
2704 96 29 321 9999
2705 105 88 321 9999
2706 135 67 321 9999
2707 79 126 321 9999
2708 79 126 321 9999
2709 82 8 321 9999
2710 128 84 321 9999
2711 53 122 321 9999
2712 36 28 321 9999
2713 62 71 321 9999
2714 48 113 322 9999
2715 28 121 322 9999
2716 148 125 322 9999
2717 0 101 322 9999
2718 37 50 322 9999
2719 56 27 322 9999
2720 87 26 322 9999
2721 107 115 322 9999
2722 105 83 323 9999
2723 132 69 323 9999
2724 86 19 323 9999
2725 149 142 323 9999
2726 99 112 323 9999
2727 120 84 324 9999
2728 94 25 324 9999
2729 107 45 324 9999
2730 62 7 324 9999
2731 4 142 324 9999
2732 146 30 324 9999
2733 99 112 324 9999
2734 37 84 324 9999
2735 10 53 325 9999
2736 37 115 325 9999
2737 23 88 325 9999
2738 107 122 326 9999
2739 146 76 326 9999
2740 14 142 326 9999
2741 101 24 326 9999
2742 37 66 326 9999
2743 83 93 326 9999
2744 58 80 326 9999
2745 123 59 327 9999
2746 104 116 327 9999
2747 94 148 327 9999
2748 141 131 327 9999
2749 16 66 327 9999
2750 69 123 327 9999
2751 91 73 327 9999
2752 103 50 327 9999
2753 69 81 327 9999
2754 116 113 328 9999
2755 0 74 328 9999
2756 146 110 328 9999
2757 4 21 329 9999
2758 65 52 329 9999
2759 51 9 329 9999
2760 102 94 329 9999
2761 42 118 330 9999
2762 3 86 330 9999
2763 97 53 330 9999
2764 57 28 330 9999
2765 20 112 330 9999
2766 62 72 330 9999
2767 15 136 331 9999
2768 142 47 331 9999
2769 140 76 331 9999
2770 112 94 331 9999
2771 29 23 331 9999
2772 47 25 331 9999
2773 117 67 331 9999
2774 88 130 331 9999
2775 61 91 332 9999
2776 25 140 332 9999
2777 67 97 332 9999
2778 103 129 332 9999
2779 19 20 332 9999
2780 116 140 332 9999
2781 47 8 333 9999
2782 110 10 333 9999
2783 145 140 333 9999
2784 33 94 333 9999
2785 67 0 333 9999
2786 12 5 333 9999
2787 32 125 334 9999
2788 144 77 334 9999
2789 26 61 335 9999
2790 44 103 335 9999
2791 58 86 335 9999
2792 1 119 335 9999
2793 68 49 335 9999
2794 20 28 335 9999
2795 60 15 336 9999
2796 138 146 336 9999
2797 122 45 336 9999
2798 80 149 336 9999
2799 142 81 336 9999
2800 87 38 336 9999
2801 60 16 336 9999
2802 99 85 336 9999
2803 47 42 337 9999
2804 117 106 337 9999
2805 121 87 337 9999
2806 5 141 337 9999
2807 115 65 337 9999
2808 7 88 337 9999
2809 61 117 337 9999
2810 128 109 337 9999
2811 141 23 337 9999
2812 39 42 338 9999
2813 106 135 338 9999
2814 146 108 338 9999
2815 70 95 338 9999
2816 52 101 338 9999
2817 148 54 338 9999
2818 120 104 338 9999
2819 26 57 338 9999
2820 12 17 338 9999
2821 22 77 338 9999
2822 76 12 338 9999
2823 40 95 339 9999
2824 66 143 339 9999
2825 31 134 339 9999
2826 15 11 339 9999
2827 142 0 339 9999
2828 7 2 339 9999
2829 122 4 340 9999
2830 109 95 340 9999
2831 9 37 340 9999
2832 2 21 340 9999
2833 54 77 340 9999
2834 1 33 340 9999
2835 141 93 340 9999
2836 128 132 340 9999
2837 145 117 340 9999
2838 100 138 341 9999
2839 61 128 341 9999
2840 108 120 341 9999
2841 131 80 341 9999
2842 124 87 341 9999
2843 56 29 341 9999
2844 46 53 342 9999
2845 112 40 342 9999
2846 35 15 342 9999
2847 125 26 342 9999
2848 109 103 342 9999
2849 60 104 342 9999
2850 122 10 342 9999
2851 92 120 343 9999
2852 27 105 343 9999
2853 53 8 343 9999
2854 88 28 343 9999
2855 95 46 343 9999
2856 109 44 343 9999
2857 99 148 343 9999
2858 29 57 343 9999
2859 13 121 343 9999
2860 144 28 343 9999
2861 96 73 343 9999
2862 39 102 344 9999
2863 46 137 344 9999
2864 97 94 344 9999
2865 37 30 344 9999
2866 121 44 344 9999
2867 84 129 344 9999
2868 132 14 344 9999
2869 127 28 344 9999
2870 123 73 344 9999
2871 30 24 345 9999
2872 126 134 345 9999
2873 117 124 345 9999
2874 57 7 345 9999
2875 76 92 345 9999
2876 52 53 345 9999
2877 40 0 345 9999
2878 135 77 346 9999
2879 16 138 346 9999
2880 6 30 346 9999
2881 17 86 346 9999
2882 56 90 346 9999
2883 18 80 346 9999
2884 94 8 347 9999
2885 38 97 347 9999
2886 3 45 347 9999
2887 75 147 347 9999
2888 0 128 347 9999
2889 38 92 347 9999
2890 30 23 348 9999
2891 42 129 348 9999
2892 19 100 348 9999
2893 10 36 348 9999
2894 89 66 348 9999
2895 28 107 348 9999
2896 48 123 348 9999
2897 115 67 348 9999
2898 147 61 349 9999
2899 53 72 349 9999
2900 62 105 349 9999
2901 102 100 349 9999
2902 47 35 349 9999
2903 25 118 349 9999
2904 148 56 349 9999
2905 62 127 349 9999
2906 128 13 349 9999
2907 39 66 349 9999
2908 102 7 350 9999
2909 120 77 350 9999
2910 24 117 350 9999
2911 40 32 350 9999
2912 114 105 350 9999
2913 137 88 350 9999
2914 17 92 350 9999
2915 92 19 350 9999
2916 41 127 350 9999
2917 96 9 350 9999
2918 125 2 351 9999
2919 136 44 351 9999
2920 99 140 351 9999
2921 104 44 351 9999
2922 102 9 351 9999
2923 14 81 351 9999
2924 86 33 351 9999
2925 121 20 351 9999
2926 147 128 351 9999
2927 7 137 351 9999
2928 47 1 351 9999
2929 80 118 352 9999
2930 103 85 352 9999
2931 119 76 352 9999
2932 90 1 352 9999
2933 115 36 352 9999
2934 2 7 352 9999
2935 140 46 352 9999
2936 11 52 352 9999
2937 112 144 352 9999
2938 138 146 352 9999
2939 18 60 352 9999
2940 45 146 352 9999
2941 119 33 353 9999
2942 64 116 353 9999
2943 72 129 353 9999
2944 69 59 353 9999
2945 98 47 354 9999
2946 88 4 354 9999
2947 72 78 354 9999
2948 102 135 354 9999
2949 32 65 354 9999
2950 130 72 354 9999
2951 113 148 354 9999
2952 132 60 354 9999
2953 46 101 354 9999
2954 145 142 355 9999
2955 89 135 355 9999
2956 36 60 355 9999
2957 44 36 355 9999
2958 10 96 355 9999
2959 89 74 355 9999
2960 86 93 355 9999
2961 48 66 355 9999
2962 98 34 355 9999
2963 99 13 355 9999
2964 66 21 355 9999
2965 28 64 356 9999
2966 7 84 356 9999
2967 5 33 356 9999
2968 94 62 356 9999
2969 122 131 356 9999
2970 0 85 356 9999
2971 26 88 356 9999
2972 95 24 356 9999
2973 27 71 356 9999
2974 110 23 357 9999
2975 56 125 357 9999
2976 36 122 357 9999
2977 49 116 357 9999
2978 88 105 357 9999
2979 106 100 357 9999
2980 14 92 357 9999
2981 105 47 357 9999
2982 89 69 358 9999
2983 7 96 358 9999
2984 59 4 358 9999
2985 120 139 358 9999
2986 75 132 358 9999
2987 64 97 358 9999
2988 9 87 359 9999
2989 79 33 359 9999
2990 43 17 359 9999
2991 40 149 359 9999
2992 20 55 359 9999
2993 92 125 360 9999
2994 76 3 360 9999
2995 68 83 360 9999
2996 2 30 360 9999
2997 139 24 360 9999
2998 19 117 360 9999
2999 7 135 360 9999
3000 64 16 361 9999
3001 149 101 361 9999
3002 138 42 361 9999
3003 21 28 361 9999
3004 41 135 361 9999
3005 35 68 361 9999
3006 88 118 361 9999
3007 15 14 361 9999
3008 122 136 361 9999
3009 0 26 362 9999
3010 87 8 362 9999
3011 57 72 362 9999
3012 125 144 362 9999
3013 147 28 362 9999
3014 143 0 362 9999
3015 16 35 362 9999
3016 21 96 362 9999
3017 128 62 362 9999
3018 82 14 362 9999
3019 131 72 362 9999
3020 34 48 362 9999
3021 138 58 363 9999
3022 102 82 363 9999
3023 135 39 363 9999
3024 142 94 363 9999
3025 111 117 363 9999
3026 70 7 363 9999
3027 16 98 363 9999
3028 52 17 363 9999
3029 16 139 363 9999
3030 90 14 364 9999
3031 34 36 364 9999
3032 70 68 364 9999
3033 136 59 364 9999
3034 127 73 364 9999
3035 1 113 364 9999
3036 25 83 364 9999
3037 98 65 364 9999
3038 76 43 365 9999
3039 34 14 365 9999
3040 113 138 365 9999
3041 31 129 365 9999
3042 128 121 365 9999
3043 45 96 365 9999
3044 26 44 365 9999
3045 130 114 365 9999
3046 114 100 365 9999
3047 3 75 365 9999
3048 129 76 365 9999
3049 77 93 365 9999
3050 3 62 365 9999
3051 93 68 366 9999
3052 136 1 366 9999
3053 83 0 366 9999
3054 114 71 366 9999
3055 83 145 366 9999
3056 49 106 366 9999
3057 93 145 366 9999
3058 35 137 366 9999
3059 27 51 366 9999
3060 101 30 366 9999
3061 54 79 366 9999
3062 61 32 366 9999
3063 58 4 367 9999
3064 104 11 368 9999
3065 40 86 368 9999
3066 101 56 368 9999
3067 8 86 368 9999
3068 104 109 368 9999
3069 94 47 368 9999
3070 7 129 368 9999
3071 34 86 368 9999
3072 83 37 368 9999
3073 116 39 369 9999
3074 76 84 369 9999
3075 108 47 369 9999
3076 84 114 369 9999
3077 110 123 369 9999
3078 20 61 370 9999
3079 121 16 370 9999
3080 52 127 370 9999
3081 126 146 370 9999
3082 76 35 370 9999
3083 28 12 370 9999
3084 121 111 370 9999
3085 50 140 370 9999
3086 52 120 370 9999
3087 70 124 370 9999
3088 47 4 370 9999
3089 134 146 370 9999
3090 141 1 370 9999
3091 106 16 370 9999
3092 21 69 371 9999
3093 104 46 371 9999
3094 35 82 371 9999
3095 74 83 371 9999
3096 8 109 371 9999
3097 111 21 371 9999
3098 132 124 371 9999
3099 123 122 371 9999
3100 27 93 371 9999
3101 42 53 371 9999
3102 42 47 372 9999
3103 91 144 372 9999
3104 106 112 372 9999
3105 115 89 372 9999
3106 141 98 372 9999
3107 43 89 373 9999
3108 119 36 373 9999
3109 76 132 373 9999
3110 109 59 373 9999
3111 107 134 373 9999
3112 31 36 373 9999
3113 77 126 373 9999
3114 89 22 373 9999
3115 75 127 373 9999
3116 60 15 373 9999
3117 68 107 373 9999
3118 23 82 373 9999
3119 72 112 373 9999
3120 126 73 373 9999
3121 57 117 374 9999
3122 129 23 374 9999
3123 11 14 374 9999
3124 132 70 374 9999
3125 121 116 374 9999
3126 4 59 375 9999
3127 117 55 375 9999
3128 28 122 375 9999
3129 148 37 375 9999
3130 145 81 375 9999
3131 109 9 375 9999
3132 109 84 375 9999
3133 66 76 375 9999
3134 95 1 375 9999
3135 109 74 375 9999
3136 24 121 375 9999
3137 88 6 375 9999
3138 93 111 375 9999
3139 24 149 375 9999
3140 20 22 376 9999
3141 86 99 376 9999
3142 121 58 376 9999
3143 97 8 376 9999
3144 105 80 376 9999
3145 118 114 376 9999
3146 39 52 376 9999
3147 31 116 376 9999
3148 147 32 376 9999
3149 127 124 376 9999
3150 109 0 376 9999
3151 114 17 376 9999
3152 146 128 376 9999
3153 42 145 376 9999
3154 50 116 377 9999
3155 113 122 377 9999
3156 129 74 377 9999
3157 70 137 377 9999
3158 29 52 377 9999
3159 7 46 377 9999
3160 92 112 377 9999
3161 77 58 377 9999
3162 109 11 378 9999
3163 88 2 378 9999
3164 40 84 378 9999
3165 130 82 378 9999
3166 79 30 378 9999
3167 100 106 378 9999
3168 54 107 378 9999
3169 122 26 379 9999
3170 74 127 379 9999
3171 51 81 379 9999
3172 23 45 379 9999
3173 43 100 379 9999
3174 5 55 379 9999
3175 14 92 379 9999
3176 92 36 379 9999
3177 82 94 379 9999
3178 76 68 379 9999
3179 74 60 379 9999
3180 50 7 380 9999
3181 118 30 380 9999
3182 139 106 380 9999
3183 76 138 380 9999
3184 30 54 380 9999
3185 91 14 380 9999
3186 77 38 381 9999
3187 66 146 381 9999
3188 135 9 381 9999
3189 32 120 381 9999
3190 103 11 381 9999
3191 38 80 382 9999
3192 134 147 382 9999
3193 50 4 382 9999
3194 27 91 382 9999
3195 110 104 382 9999
3196 131 141 382 9999
3197 60 124 382 9999
3198 57 39 382 9999
3199 12 16 382 9999
3200 119 55 382 9999
3201 135 115 382 9999
3202 93 144 383 9999
3203 61 3 383 9999
3204 131 132 383 9999
3205 92 120 383 9999
3206 18 141 383 9999
3207 72 22 383 9999
3208 18 66 383 9999
3209 133 24 383 9999
3210 47 26 383 9999
3211 136 22 383 9999
3212 83 26 383 9999
3213 34 1 384 9999
3214 13 137 384 9999
3215 32 63 384 9999
3216 50 84 384 9999
3217 124 105 384 9999
3218 117 8 384 9999
3219 99 88 384 9999
3220 27 90 384 9999
3221 62 101 384 9999
3222 109 128 384 9999
3223 84 35 385 9999
3224 100 95 385 9999
3225 48 36 385 9999
3226 97 95 385 9999
3227 80 135 385 9999
3228 108 67 385 9999
3229 70 73 385 9999
3230 19 56 386 9999
3231 108 74 386 9999
3232 13 37 386 9999
3233 15 76 386 9999
3234 138 26 386 9999
3235 106 73 386 9999
3236 113 34 386 9999
3237 85 135 386 9999
3238 36 31 386 9999
3239 85 125 386 9999
3240 30 31 386 9999
3241 55 67 386 9999
3242 41 123 386 9999
3243 137 115 386 9999
3244 44 95 386 9999
3245 12 19 386 9999
3246 119 22 387 9999
3247 63 110 387 9999
3248 48 89 387 9999
3249 67 23 387 9999
3250 52 3 387 9999
3251 108 90 387 9999
3252 40 139 387 9999
3253 25 67 387 9999
3254 19 56 388 9999
3255 147 126 388 9999
3256 115 94 388 9999
3257 72 127 388 9999
3258 113 93 388 9999
3259 52 11 388 9999
3260 75 111 388 9999
3261 74 88 388 9999
3262 61 13 389 9999
3263 112 43 389 9999
3264 110 54 389 9999
3265 84 135 389 9999
3266 121 6 389 9999
3267 94 146 389 9999
3268 93 94 389 9999
3269 143 121 389 9999
3270 59 139 390 9999
3271 38 140 390 9999
3272 114 16 390 9999
3273 4 91 390 9999
3274 104 65 390 9999
3275 104 63 390 9999
3276 0 124 390 9999
3277 25 95 390 9999
3278 84 80 390 9999
3279 29 122 390 9999
3280 51 35 390 9999
3281 66 47 391 9999
3282 54 121 391 9999
3283 82 149 391 9999
3284 111 87 391 9999
3285 38 102 391 9999
3286 104 106 391 9999
3287 8 45 392 9999
3288 25 125 392 9999
3289 78 102 392 9999
3290 70 64 392 9999
3291 32 100 392 9999
3292 36 136 392 9999
3293 37 4 392 9999
3294 85 68 392 9999
3295 66 80 392 9999
3296 122 89 393 9999
3297 54 113 393 9999
3298 55 8 393 9999
3299 69 63 393 9999
3300 105 31 393 9999
3301 38 59 393 9999
3302 108 14 393 9999
3303 39 113 393 9999
3304 84 103 393 9999
3305 145 86 393 9999
3306 140 33 393 9999
3307 124 46 393 9999
3308 21 94 393 9999
3309 113 101 393 9999
3310 118 104 394 9999
3311 123 7 394 9999
3312 112 33 394 9999
3313 128 77 394 9999
3314 41 62 394 9999
3315 116 100 394 9999
3316 20 130 394 9999
3317 139 133 394 9999
3318 116 144 394 9999
3319 31 105 395 9999
3320 31 137 395 9999
3321 75 46 395 9999
3322 141 95 395 9999
3323 0 59 395 9999
3324 138 58 395 9999
3325 32 145 396 9999
3326 0 107 396 9999
3327 36 18 396 9999
3328 109 108 396 9999
3329 50 0 396 9999
3330 144 16 397 9999
3331 31 43 397 9999
3332 102 114 397 9999
3333 31 79 397 9999
3334 62 22 397 9999
3335 24 62 397 9999
3336 81 13 397 9999
3337 22 16 397 9999
3338 8 95 397 9999
3339 134 34 397 9999
3340 147 143 397 9999
3341 122 15 398 9999
3342 4 127 398 9999
3343 133 148 398 9999
3344 54 7 398 9999
3345 81 97 398 9999
3346 11 45 398 9999
3347 30 91 398 9999
3348 9 104 398 9999
3349 17 72 398 9999
3350 88 30 399 9999
3351 143 140 399 9999
3352 27 140 399 9999
3353 133 0 399 9999
3354 5 137 399 9999
3355 133 122 399 9999
3356 141 110 400 9999
3357 67 25 400 9999
3358 65 130 400 9999
3359 122 96 400 9999
3360 123 132 400 9999
3361 50 141 400 9999
3362 106 40 400 9999
3363 73 102 400 9999
3364 46 14 401 9999
3365 86 19 401 9999
3366 94 144 401 9999
3367 6 129 401 9999
3368 18 49 401 9999
3369 89 78 402 9999
3370 18 70 402 9999
3371 28 42 402 9999
3372 68 1 402 9999
3373 24 21 402 9999
3374 142 130 402 9999
3375 61 118 402 9999
3376 83 108 402 9999
3377 34 81 402 9999
3378 144 128 402 9999
3379 17 66 402 9999
3380 72 63 402 9999
3381 124 103 403 9999
3382 62 121 403 9999
3383 99 110 403 9999
3384 41 72 403 9999
3385 138 83 403 9999
3386 42 139 403 9999
3387 108 63 403 9999
3388 34 88 404 9999
3389 37 88 404 9999
3390 4 83 404 9999
3391 67 74 404 9999
3392 51 41 404 9999
3393 39 26 405 9999
3394 89 86 405 9999
3395 125 91 405 9999
3396 46 16 405 9999
3397 13 86 405 9999
3398 99 107 405 9999
3399 127 57 405 9999
3400 73 11 405 9999
3401 48 100 405 9999
3402 65 121 405 9999
3403 39 56 405 9999
3404 28 122 406 9999
3405 66 43 406 9999
3406 102 61 406 9999
3407 67 106 406 9999
3408 53 3 406 9999
3409 81 144 406 9999
3410 101 97 406 9999
3411 59 89 406 9999
3412 98 16 406 9999
3413 66 6 406 9999
3414 89 130 406 9999
3415 106 91 406 9999
3416 97 129 407 9999
3417 57 28 407 9999
3418 11 133 407 9999
3419 95 55 407 9999
3420 137 58 407 9999
3421 24 93 407 9999
3422 111 79 407 9999
3423 76 105 408 9999
3424 21 23 408 9999
3425 83 87 408 9999
3426 81 74 408 9999
3427 119 37 409 9999
3428 2 122 409 9999
3429 24 59 409 9999
3430 1 88 409 9999
3431 42 148 409 9999
3432 45 29 409 9999
3433 56 69 409 9999
3434 24 18 409 9999
3435 148 2 409 9999
3436 25 80 410 9999
3437 101 77 410 9999
3438 90 84 410 9999
3439 53 60 410 9999
3440 122 23 410 9999
3441 29 139 410 9999
3442 26 1 410 9999
3443 65 85 410 9999
3444 54 55 410 9999
3445 30 52 410 9999
3446 100 111 410 9999
3447 109 19 410 9999
3448 38 29 410 9999
3449 17 40 411 9999
3450 100 121 411 9999
3451 27 41 411 9999
3452 55 133 411 9999
3453 3 79 411 9999
3454 6 32 411 9999
3455 120 32 411 9999
3456 33 88 411 9999
3457 20 88 411 9999
3458 143 102 411 9999
3459 42 146 411 9999
3460 63 1 411 9999
3461 67 101 411 9999
3462 82 85 411 9999
3463 44 39 412 9999
3464 87 35 412 9999
3465 69 30 412 9999
3466 142 52 412 9999
3467 33 72 412 9999
3468 110 65 412 9999
3469 94 45 413 9999
3470 140 78 413 9999
3471 69 33 413 9999
3472 74 34 413 9999
3473 86 141 413 9999
3474 38 19 413 9999
3475 128 82 414 9999
3476 1 104 414 9999
3477 31 70 414 9999
3478 134 75 414 9999
3479 24 69 414 9999
3480 147 135 414 9999
3481 134 144 415 9999
3482 49 27 415 9999
3483 104 118 415 9999
3484 112 80 415 9999
3485 54 100 415 9999
3486 72 92 415 9999
3487 119 102 415 9999
3488 76 131 416 9999
3489 21 5 416 9999
3490 105 57 416 9999
3491 81 130 417 9999
3492 12 124 417 9999
3493 99 49 417 9999
3494 1 50 417 9999
3495 128 7 417 9999
3496 18 142 417 9999
3497 88 124 417 9999
3498 92 62 417 9999
3499 67 114 417 9999
3500 14 143 417 9999
3501 95 134 418 9999
3502 123 86 418 9999
3503 115 54 418 9999
3504 118 143 418 9999
3505 35 135 418 9999
3506 6 61 418 9999
3507 136 107 418 9999
3508 114 36 418 9999
3509 137 122 419 9999
3510 80 71 419 9999
3511 24 49 419 9999
3512 87 90 419 9999
3513 43 85 419 9999
3514 74 11 419 9999
3515 65 132 419 9999
3516 36 53 419 9999
3517 149 91 419 9999
3518 21 142 419 9999
3519 28 58 419 9999
3520 148 89 419 9999
3521 96 7 420 9999
3522 78 42 420 9999
3523 123 40 420 9999
3524 123 97 420 9999
3525 116 74 420 9999
3526 86 56 421 9999
3527 30 139 421 9999
3528 15 67 421 9999
3529 42 14 421 9999
3530 60 116 421 9999
3531 6 140 421 9999
3532 76 57 421 9999
3533 79 75 421 9999
3534 116 35 421 9999
3535 109 111 421 9999
3536 15 2 421 9999
3537 136 55 421 9999
3538 27 135 422 9999
3539 130 121 422 9999
3540 93 13 422 9999
3541 53 134 422 9999
3542 28 22 422 9999
3543 79 42 422 9999
3544 134 45 422 9999
3545 100 124 423 9999
3546 98 26 423 9999
3547 141 110 423 9999
3548 137 7 423 9999
3549 14 25 423 9999
3550 114 41 423 9999
3551 11 38 423 9999
3552 44 83 423 9999
3553 18 15 423 9999
3554 78 83 423 9999
3555 121 63 423 9999
3556 111 143 423 9999
3557 44 55 423 9999
3558 128 89 423 9999
3559 57 102 423 9999
3560 14 117 424 9999
3561 102 27 424 9999
3562 84 11 424 9999
3563 41 109 424 9999
3564 125 134 424 9999
3565 22 65 424 9999
3566 28 105 424 9999
3567 135 96 424 9999
3568 86 68 424 9999
3569 67 51 425 9999
3570 136 142 425 9999
3571 86 44 425 9999
3572 147 2 425 9999
3573 63 107 425 9999
3574 17 108 425 9999
3575 59 44 425 9999
3576 42 122 425 9999
3577 85 53 425 9999
3578 98 121 425 9999
3579 76 65 425 9999
3580 0 83 425 9999
3581 51 96 425 9999
3582 19 119 425 9999
3583 65 122 425 9999
3584 51 79 426 9999
3585 55 133 426 9999
3586 69 58 426 9999
3587 46 26 427 9999
3588 22 98 427 9999
3589 110 9 427 9999
3590 54 110 427 9999
3591 131 130 427 9999
3592 26 131 427 9999
3593 63 77 427 9999
3594 129 135 427 9999
3595 98 96 428 9999
3596 77 37 428 9999
3597 97 132 428 9999
3598 20 68 428 9999
3599 40 67 428 9999
3600 147 18 428 9999
3601 123 135 428 9999
3602 40 124 428 9999
3603 147 49 428 9999
3604 28 10 428 9999
3605 82 60 428 9999
3606 88 115 428 9999
3607 25 15 429 9999
3608 92 20 429 9999
3609 15 20 429 9999
3610 97 52 429 9999
3611 117 131 429 9999
3612 124 88 429 9999
3613 74 93 429 9999
3614 85 92 429 9999
3615 119 70 429 9999
3616 34 93 429 9999
3617 119 135 430 9999
3618 83 67 430 9999
3619 33 108 430 9999
3620 134 30 430 9999
3621 21 0 430 9999
3622 122 41 430 9999
3623 15 44 430 9999
3624 40 119 430 9999
3625 64 73 430 9999
3626 93 2 430 9999
3627 147 89 430 9999
3628 87 141 431 9999
3629 1 80 431 9999
3630 11 76 431 9999
3631 60 79 431 9999
3632 9 29 431 9999
3633 14 19 431 9999
3634 14 44 431 9999
3635 40 66 431 9999
3636 69 133 431 9999
3637 133 113 431 9999
3638 75 102 431 9999
3639 27 149 432 9999
3640 36 18 432 9999
3641 40 94 432 9999
3642 129 65 432 9999
3643 147 60 432 9999
3644 128 73 433 9999
3645 51 72 433 9999
3646 4 65 433 9999
3647 18 44 433 9999
3648 33 87 433 9999
3649 80 16 433 9999
3650 103 5 433 9999
3651 20 32 433 9999
3652 56 118 434 9999
3653 34 145 434 9999
3654 1 14 434 9999
3655 112 50 434 9999
3656 74 91 434 9999
3657 124 96 434 9999
3658 50 108 435 9999
3659 115 43 435 9999
3660 59 148 435 9999
3661 32 41 435 9999
3662 67 37 435 9999
3663 98 87 435 9999
3664 70 5 435 9999
3665 107 34 435 9999
3666 110 14 436 9999
3667 134 119 436 9999
3668 117 58 436 9999
3669 112 143 436 9999
3670 56 13 436 9999
3671 102 106 437 9999
3672 80 77 437 9999
3673 121 15 437 9999
3674 20 38 437 9999
3675 52 119 437 9999
3676 28 122 437 9999
3677 124 135 437 9999
3678 58 136 437 9999
3679 149 127 437 9999
3680 143 66 438 9999
3681 72 127 438 9999
3682 79 128 438 9999
3683 140 83 438 9999
3684 136 27 438 9999
3685 102 57 438 9999
3686 10 81 438 9999
3687 81 25 438 9999
3688 102 21 439 9999
3689 50 97 439 9999
3690 35 10 439 9999
3691 83 86 439 9999
3692 137 76 439 9999
3693 55 1 439 9999
3694 90 141 439 9999
3695 125 119 439 9999
3696 70 5 439 9999
3697 109 56 439 9999
3698 142 39 439 9999
3699 8 101 439 9999
3700 49 89 440 9999
3701 106 53 440 9999
3702 14 5 440 9999
3703 5 111 440 9999
3704 92 16 440 9999
3705 44 81 440 9999
3706 55 22 440 9999
3707 136 56 440 9999
3708 15 127 440 9999
3709 83 134 440 9999
3710 99 89 441 9999
3711 35 65 441 9999
3712 32 84 441 9999
3713 57 117 441 9999
3714 60 98 441 9999
3715 73 15 441 9999
3716 15 130 441 9999
3717 21 126 441 9999
3718 125 89 441 9999
3719 73 56 442 9999
3720 103 12 442 9999
3721 71 36 442 9999
3722 49 72 442 9999
3723 27 45 442 9999
3724 130 108 442 9999
3725 80 97 443 9999
3726 10 28 443 9999
3727 5 135 443 9999
3728 43 20 443 9999
3729 115 116 443 9999
3730 48 142 443 9999
3731 107 121 444 9999
3732 142 107 444 9999
3733 131 115 444 9999
3734 45 30 444 9999
3735 38 73 444 9999
3736 75 70 444 9999
3737 31 57 444 9999
3738 69 126 444 9999
3739 123 74 444 9999
3740 38 53 444 9999
3741 131 23 445 9999
3742 17 101 445 9999
3743 33 125 445 9999
3744 73 82 445 9999
3745 129 42 445 9999
3746 126 138 445 9999
3747 23 92 445 9999
3748 33 106 445 9999
3749 32 8 445 9999
3750 31 4 445 9999
3751 92 141 445 9999
3752 73 68 445 9999
3753 114 49 445 9999
3754 107 70 445 9999
3755 82 130 445 9999
3756 69 135 445 9999
3757 73 138 446 9999
3758 10 91 446 9999
3759 144 104 446 9999
3760 67 34 446 9999
3761 127 61 446 9999
3762 68 135 446 9999
3763 145 76 446 9999
3764 17 149 446 9999
3765 70 8 446 9999
3766 125 139 446 9999
3767 24 96 446 9999
3768 146 9 446 9999
3769 128 117 447 9999
3770 81 61 447 9999
3771 121 143 447 9999
3772 54 18 447 9999
3773 97 23 447 9999
3774 52 127 447 9999
3775 85 22 447 9999
3776 112 80 448 9999
3777 71 39 448 9999
3778 107 60 448 9999
3779 116 33 448 9999
3780 58 112 448 9999
3781 42 89 449 9999
3782 36 20 449 9999
3783 6 59 449 9999
3784 14 112 449 9999
3785 77 111 449 9999
3786 135 130 450 9999
3787 51 105 450 9999
3788 55 82 450 9999
3789 87 127 450 9999
3790 24 44 450 9999
3791 89 140 450 9999
3792 129 148 450 9999
3793 102 74 451 9999
3794 84 120 451 9999
3795 33 90 451 9999
3796 30 47 451 9999
3797 52 9 451 9999
3798 61 89 451 9999
3799 41 149 451 9999
3800 62 96 452 9999
3801 35 104 452 9999
3802 30 111 452 9999
3803 50 120 452 9999
3804 101 81 452 9999
3805 20 53 452 9999
3806 5 9 452 9999
3807 138 18 453 9999
3808 85 92 453 9999
3809 99 39 453 9999
3810 4 62 453 9999
3811 128 45 453 9999
3812 62 40 453 9999
3813 141 66 453 9999
3814 57 45 453 9999
3815 3 63 453 9999
3816 75 114 453 9999
3817 15 97 453 9999
3818 65 97 453 9999
3819 19 21 454 9999
3820 121 23 454 9999
3821 71 23 454 9999
3822 10 66 454 9999
3823 24 49 454 9999
3824 70 87 454 9999
3825 80 115 455 9999
3826 117 80 455 9999
3827 106 23 455 9999
3828 45 83 455 9999
3829 137 61 455 9999
3830 31 53 455 9999
3831 8 50 455 9999
3832 126 110 456 9999
3833 56 10 456 9999
3834 58 119 456 9999
3835 76 83 456 9999
3836 70 48 456 9999
3837 72 0 456 9999
3838 66 123 456 9999
3839 23 75 456 9999
3840 142 5 457 9999
3841 114 55 457 9999
3842 13 47 457 9999
3843 10 73 457 9999
3844 0 136 457 9999
3845 86 33 457 9999
3846 75 69 457 9999
3847 89 85 458 9999
3848 113 31 458 9999
3849 14 35 458 9999
3850 31 80 458 9999
3851 60 54 458 9999
3852 5 104 458 9999
3853 111 88 458 9999
3854 120 12 458 9999
3855 105 77 458 9999
3856 77 2 458 9999
3857 87 1 458 9999
3858 2 73 459 9999
3859 6 27 459 9999
3860 135 36 459 9999
3861 137 101 459 9999
3862 149 18 459 9999
3863 116 86 459 9999
3864 102 46 459 9999
3865 146 58 459 9999
3866 104 101 459 9999
3867 20 42 459 9999
3868 123 84 459 9999
3869 49 50 459 9999
3870 11 52 459 9999
3871 39 12 460 9999
3872 44 12 460 9999
3873 8 123 460 9999
3874 147 44 460 9999
3875 12 99 460 9999
3876 44 83 460 9999
3877 117 130 460 9999
3878 35 13 460 9999
3879 29 93 460 9999
3880 19 32 460 9999
3881 113 114 460 9999
3882 57 47 460 9999
3883 13 9 461 9999
3884 123 74 461 9999
3885 10 125 461 9999
3886 20 74 461 9999
3887 133 45 461 9999
3888 71 79 461 9999
3889 57 72 461 9999
3890 25 140 462 9999
3891 105 87 462 9999
3892 21 124 462 9999
3893 119 36 462 9999
3894 88 78 462 9999
3895 136 4 462 9999
3896 87 97 462 9999
3897 121 135 462 9999
3898 122 97 462 9999
3899 47 97 463 9999
3900 64 94 463 9999
3901 62 24 463 9999
3902 69 139 463 9999
3903 14 108 463 9999
3904 145 92 464 9999
3905 142 5 464 9999
3906 51 132 464 9999
3907 83 37 464 9999
3908 136 20 464 9999
3909 36 108 464 9999
3910 57 9 464 9999
3911 55 104 465 9999
3912 43 139 465 9999
3913 72 105 465 9999
3914 65 141 465 9999
3915 146 80 465 9999
3916 1 142 465 9999
3917 74 19 465 9999
3918 28 89 466 9999
3919 45 117 466 9999
3920 80 32 466 9999
3921 40 18 466 9999
3922 140 97 466 9999
3923 27 97 466 9999
3924 104 36 466 9999
3925 22 133 466 9999
3926 79 64 466 9999
3927 107 86 466 9999
3928 129 98 467 9999
3929 126 87 467 9999
3930 73 5 467 9999
3931 26 136 467 9999
3932 91 121 467 9999
3933 31 58 467 9999
3934 103 63 467 9999
3935 98 121 467 9999
3936 105 46 467 9999
3937 149 105 467 9999
3938 52 87 468 9999
3939 93 143 468 9999
3940 56 125 468 9999
3941 143 40 468 9999
3942 138 47 468 9999
3943 17 76 468 9999
3944 120 74 468 9999
3945 4 106 468 9999
3946 15 27 468 9999
3947 40 125 468 9999
3948 130 5 468 9999
3949 74 102 468 9999
3950 111 22 468 9999
3951 101 66 469 9999
3952 11 8 469 9999
3953 91 56 469 9999
3954 116 118 469 9999
3955 50 6 469 9999
3956 8 149 469 9999
3957 75 136 470 9999
3958 128 66 470 9999
3959 70 94 470 9999
3960 51 76 470 9999
3961 18 3 470 9999
3962 89 92 470 9999
3963 6 57 470 9999
3964 120 148 471 9999
3965 145 90 471 9999
3966 24 15 471 9999
3967 140 30 471 9999
3968 76 139 471 9999
3969 106 62 471 9999
3970 11 7 471 9999
3971 105 42 471 9999
3972 126 78 471 9999
3973 112 70 471 9999
3974 129 90 472 9999
3975 82 40 472 9999
3976 86 52 472 9999
3977 38 141 472 9999
3978 85 148 472 9999
3979 38 25 472 9999
3980 22 106 472 9999
3981 67 52 472 9999
3982 32 109 472 9999
3983 60 146 472 9999
3984 120 102 472 9999
3985 64 96 472 9999
3986 30 79 473 9999
3987 6 95 473 9999
3988 49 140 473 9999
3989 37 94 473 9999
3990 127 28 473 9999
3991 29 125 473 9999
3992 119 107 473 9999
3993 147 75 474 9999
3994 133 12 474 9999
3995 5 6 474 9999
3996 132 9 474 9999
3997 122 130 474 9999
3998 91 51 474 9999
3999 146 2 474 9999
