0 133 136 57 259 19 10 5 48 8 81 13 113 15
1 40 99 72 206 4 5 2
2 6 79 52 253 4 2 2
3 100 96 60 40 10 8 2 15 4 17 6 28 8
4 74 5 71 53 4 8 2
5 109 57 55 31 4 7 2
6 17 146 51 190 25 30 6 42 9 60 16 83 21
7 97 120 58 1026 4 214 2
8 113 57 68 219 4 5 2
9 12 136 54 589 4 96 2
10 22 28 60 385 4 65 2
11 141 69 64 278 4 26 2
12 28 110 62 118 10 5 2 11 5 20 8
13 137 89 54 237 6 4 2 34 4
14 147 67 54 128 4 26 2
15 126 88 61 216 10 18 2 49 5 51 8
16 127 52 62 84 12 14 4 28 7 35 11
17 1 10 51 157 4 38 2
18 110 94 50 196 4 17 2
19 4 66 62 98 4 25 2
20 70 1 60 87 4 22 2
21 23 88 64 39 16 2 5 6 10 11 12
22 19 47 57 191 19 37 4 57 6 87 8 109 11 131 13 142 16
23 26 3 61 192 4 8 2
24 140 97 64 118 4 9 2
25 22 12 64 43 5 4 2 14 4
26 97 7 53 102 17 8 4 15 6 17 8 27 13
27 54 17 68 30 4 6 2
28 135 122 63 267 4 45 2
29 133 141 63 49 4 11 2
30 44 15 58 222 29 2 4 39 10 43 16 96 23 123 26
31 43 147 64 202 4 31 2
32 7 61 58 318 4 51 2
33 112 76 67 292 33 17 6 56 12 121 17 188 20 242 27
34 90 30 68 347 9 15 2 59 4 125 7
35 29 103 68 385 4 22 2
36 118 31 64 92 4 5 2
37 9 57 69 271 4 27 2
38 131 31 62 705 15 158 3 246 7 315 9 373 12 406 14
39 29 112 66 146 16 18 2 53 6 60 11 85 15
40 82 131 61 125 4 9 2
41 119 11 68 151 4 27 2
42 43 86 60 124 30 7 7 34 9 48 16 63 21 71 23
43 3 57 60 218 4 40 2
44 23 135 60 124 10 27 3 29 5 45 7
45 101 75 64 542 8 105 2 163 5 254 7
46 28 60 70 48 17 3 3 16 8 25 13
47 61 117 62 64 6 3 2 9 4
48 15 11 64 388 4 24 2
49 44 102 67 129 4 29 2
50 88 110 64 93 5 18 2 20 4
51 25 79 60 418 4 104 2
52 83 8 69 211 6 51 2 90 4
53 39 52 62 640 4 5 2
54 33 124 59 235 29 40 5 88 12 103 15 139 17 175 23
55 36 94 54 442 9 62 2 157 4 181 6
56 67 101 75 41 10 4 3 6 5 17 8
57 86 141 54 138 7 35 2 61 4 79 6
58 135 6 51 51 4 8 2
59 40 123 56 109 4 25 2
60 83 18 62 160 4 33 2
61 135 98 59 61 8 7 3 14 6
62 131 124 60 651 8 67 3 189 5 275 7
63 117 144 54 38 9 10 3 14 5 24 8
64 42 89 60 80 4 20 2
65 85 92 53 225 4 14 2
66 101 20 61 1101 4 15 2
67 78 62 70 100 14 5 4 23 7 29 10
68 41 108 67 423 33 38 8 126 10 194 15 202 17 205 20 297 27
69 143 84 57 51 4 9 2
70 15 50 57 99 4 22 2
71 65 120 59 178 8 36 2 57 5 73 7
72 10 7 63 252 4 32 2
73 11 68 63 88 12 16 4 27 7 45 10
74 95 94 68 116 4 5 2
75 85 31 68 230 4 54 2
76 146 50 56 147 4 28 2
77 123 41 67 167 9 4 3 45 6
78 67 29 65 86 4 4 2
79 90 95 66 101 4 13 2
80 93 61 62 43 4 2 2
81 79 100 59 122 4 17 2
82 63 41 56 190 4 2 2
83 69 49 61 83 4 20 2
84 115 1 73 165 4 32 2
85 44 64 67 196 4 8 2
86 71 28 63 184 4 13 2
87 124 52 66 471 16 68 2 125 7 237 11
88 100 62 60 492 6 49 2 134 4
89 60 97 60 723 4 79 2
90 22 26 58 42 4 11 2
91 128 144 59 89 4 2 2
92 51 70 63 137 5 17 2 52 4
93 23 49 63 194 7 2 2 41 4 54 6
94 97 41 55 110 18 10 4 21 8 36 10 50 14 60 16
95 32 104 53 280 10 56 2 74 5 116 7 187 9
96 6 6 58 83 4 16 2
97 148 78 61 132 6 9 2 33 4
98 52 56 49 51 16 12 2 24 5 37 9 48 13
99 106 38 54 36 4 7 2
100 79 82 60 30 4 8 2
101 121 148 67 74 4 14 2
102 21 29 70 80 4 15 2
103 12 116 79 287 26 47 5 87 12 142 19 199 22 218 25
104 148 80 52 73 4 9 2
105 104 1 61 365 4 32 2
106 67 76 63 101 4 2 2
107 64 119 57 192 4 33 2
108 119 102 58 62 4 11 2
109 10 64 62 673 4 137 2
110 42 6 52 157 4 34 2
111 117 56 51 1045 4 108 2
112 87 75 58 280 4 50 2
113 133 130 58 67 5 7 2 15 4
114 112 71 66 157 4 30 2
115 79 9 55 300 4 22 2
116 89 21 57 47 11 3 3 7 5 12 7 19 10
117 120 96 52 574 17 52 3 170 5 286 8 320 12 431 16
118 4 9 59 401 8 65 2 141 4 170 7
119 61 133 55 34 4 4 2
120 87 37 60 104 7 11 2 21 4 32 6
121 85 48 58 36 4 2 2
122 88 2 66 30 13 5 2 9 4 17 6 23 9
123 91 85 61 82 4 6 2
124 97 132 66 184 8 28 2 60 5 75 7
125 32 66 49 85 8 20 3 31 5 39 7
126 84 106 59 1171 8 108 2 132 5 343 7
127 123 54 71 68 8 8 2 25 4 36 7
128 123 23 60 47 5 11 2 15 4
129 3 118 63 166 21 41 5 57 10 70 15 105 18
130 77 40 67 136 9 11 2 45 5 48 7
131 11 38 56 48 4 6 2
132 27 144 66 206 4 12 2
133 75 51 58 358 4 85 2
134 33 10 51 547 4 125 2
135 72 96 68 185 22 5 4 51 6 70 9 103 12 136 14 141 16
136 75 82 58 244 4 7 2
137 14 86 61 128 15 16 3 38 7 51 10 71 12
138 27 60 60 123 5 18 2 26 4
139 19 134 67 170 13 17 4 51 6 74 10 102 12
140 81 4 53 353 4 16 2
141 142 123 72 246 14 18 3 77 6 113 10
142 103 109 58 200 4 28 2
143 89 66 63 163 7 15 2 42 4 58 6
144 111 0 67 293 9 2 3 56 6
145 67 8 66 37 8 2 2 7 5 9 7
146 122 142 64 213 32 50 9 85 15 138 21 182 27
147 45 0 54 210 6 27 2 36 4
148 139 29 65 175 32 8 4 24 13 47 18 61 24 66 30
149 90 135 52 237 4 60 2
150 139 40 69 270 17 18 2 20 5 47 7 78 9 94 13
151 66 23 63 296 9 54 3 124 6
152 74 90 59 130 4 14 2
153 65 105 52 249 4 39 2
154 123 113 56 133 4 3 2
155 11 74 67 178 5 27 2 50 4
156 43 143 60 77 4 8 2
157 142 148 53 512 6 116 2 167 4
158 138 31 55 380 4 30 2
159 34 122 74 301 24 42 3 66 8 97 13 170 18 243 22
160 29 42 59 32 14 4 3 8 6 11 9 20 11
161 20 34 57 869 19 63 4 130 7 297 12 324 16
162 63 127 64 670 4 3 2
163 53 74 68 323 6 34 2 105 4
164 83 73 61 180 8 46 3 72 6
165 50 139 59 161 11 16 3 33 6 67 8 88 10
166 98 71 63 381 10 58 3 108 6 130 9
167 65 0 69 174 4 7 2
168 110 71 63 183 10 4 2 49 5 88 8
169 12 54 60 56 4 9 2
170 114 11 65 102 5 26 2 37 4
171 45 120 56 771 9 75 2 137 5 282 8
172 133 135 55 324 13 38 3 67 7 78 11
173 147 68 55 110 4 28 2
174 124 66 57 227 4 56 2
175 88 93 64 39 4 8 2
176 105 47 64 57 21 6 5 21 10 27 13 42 15 56 19
177 89 124 61 314 8 56 3 78 6
178 58 118 58 187 8 42 3 74 5 76 7
179 56 113 66 555 4 100 2
180 124 38 64 148 4 35 2
181 143 96 63 60 5 3 2 17 4
182 12 140 63 556 12 27 2 54 6 61 9
183 139 135 62 170 8 14 2 28 5
184 106 31 61 207 4 48 2
185 29 37 67 32 6 2 2 4 4
186 3 108 61 87 4 20 2
187 60 10 68 97 6 25 2 34 4
188 77 56 59 193 4 41 2
189 25 95 64 175 4 8 2
190 75 62 62 260 5 25 2 80 4
191 19 23 53 89 4 17 2
192 131 42 60 848 10 173 2 251 4 294 6 371 9
193 67 51 64 229 12 56 4 80 6 100 10
194 41 84 61 219 5 43 2 75 4
195 89 89 63 131 21 30 6 43 11 67 13 100 19
196 19 124 55 215 7 5 2 24 4 65 6
197 4 63 56 254 4 27 2
198 35 147 64 75 4 17 2
199 37 77 61 386 5 26 2 99 4
200 141 119 53 54 4 3 2
201 132 68 63 157 4 24 2
202 78 90 67 66 4 6 2
203 45 7 65 82 4 10 2
204 67 105 52 84 4 20 2
205 73 25 64 167 12 28 3 49 5 75 8
206 87 104 57 36 4 5 2
207 18 4 55 88 27 13 2 26 7 35 13 50 20 63 23
208 32 88 53 233 26 10 4 50 6 71 10 90 15 149 21
209 43 111 61 291 8 53 2 65 4 135 7
210 139 125 60 956 4 25 2
211 88 47 56 145 4 29 2
212 107 61 54 240 9 44 2 101 5 113 8
213 41 66 58 153 4 27 2
214 51 106 51 222 10 52 2 83 5 137 7 139 9
215 132 111 53 273 4 53 2
216 105 63 60 32 8 4 3 12 6
217 114 25 52 45 4 6 2
218 136 7 56 226 6 30 2 77 4
219 9 140 57 97 19 20 4 32 7 34 9 49 14
220 20 63 60 1869 6 58 2 270 4
221 125 79 63 340 4 3 2
222 66 21 63 54 4 13 2
223 63 13 54 210 18 11 3 49 8 65 10 99 15
224 77 109 58 36 4 4 2
225 76 149 52 273 26 58 7 95 9 143 16 209 21
226 80 70 57 144 4 35 2
227 129 74 57 405 14 70 2 143 4 151 6 154 8 234 10 282 12
228 16 61 63 229 4 50 2
229 84 111 70 388 17 85 3 173 8 237 12 289 16
230 122 136 61 109 5 23 2 44 4
231 144 46 67 136 4 6 2
232 68 56 60 304 8 44 3 95 5
233 10 92 55 51 4 12 2
234 29 144 62 48 4 3 2
235 87 98 62 408 4 101 2
236 15 125 64 120 4 7 2
237 52 141 63 283 4 3 2
238 125 92 67 154 4 30 2
239 9 22 61 320 12 49 2 77 6 93 10
240 31 55 65 109 4 4 2
241 82 98 68 62 17 5 4 8 7 13 10 29 13
242 62 127 62 104 8 12 3 38 5 58 7
243 84 91 53 216 6 53 2 60 4
244 104 73 55 137 9 12 3 33 6
245 124 63 53 161 6 28 2 45 4
246 41 35 65 277 5 46 2 113 4
247 143 26 61 225 4 25 2
248 98 147 63 382 9 42 2 122 4 187 6 278 8
249 106 26 65 158 4 9 2
250 98 98 71 489 4 70 2
251 41 41 57 210 9 18 2 55 5 63 7
252 18 142 64 270 6 16 2 22 4
253 125 142 64 218 4 51 2
254 35 91 63 86 7 16 2 21 4 37 6
255 138 53 63 269 31 32 8 42 15 103 18 129 25 149 27 190 29
256 78 73 57 516 4 120 2
257 55 130 62 40 6 11 2 15 4
258 71 38 52 34 4 7 2
259 115 70 57 37 4 3 2
260 140 104 57 40 4 7 2
261 23 134 65 192 5 38 2 46 4
262 129 60 50 246 16 34 3 60 8 87 12
263 24 116 67 94 6 18 2 39 4
264 86 111 68 185 4 31 2
265 48 23 67 183 33 42 9 63 14 105 20 147 22
266 112 113 60 455 30 26 7 57 11 109 19 147 21 175 29
267 39 72 70 124 11 19 3 23 6 32 8
268 60 144 57 274 4 12 2
269 15 127 61 48 4 2 2
270 67 98 55 150 9 33 3 42 5 68 8
271 75 113 60 87 4 17 2
272 76 107 58 172 4 36 2
273 12 8 59 257 6 65 2 106 4
274 48 111 59 89 4 11 2
275 135 43 69 78 7 3 2 18 4 25 6
276 125 121 66 66 22 14 2 24 4 29 10 32 13 37 17
277 112 114 62 71 4 7 2
278 85 74 64 87 10 12 2 28 5 33 8
279 82 100 61 73 4 11 2
280 54 94 61 37 4 4 2
281 128 83 61 113 4 2 2
282 79 0 62 30 4 8 2
283 75 47 71 249 4 20 2
284 132 148 59 233 4 37 2
285 63 75 55 369 4 80 2
286 108 26 53 31 4 7 2
287 98 63 52 454 7 38 2 71 4 171 6
288 16 83 59 674 4 115 2
289 79 51 65 175 13 39 4 63 7 105 10
290 49 117 78 306 15 58 3 71 6 114 10 135 13
291 65 92 63 301 4 32 2
292 143 129 65 473 4 38 2
293 24 140 69 610 6 104 2 235 4
294 30 47 74 198 14 41 2 83 5 120 8 163 12
295 41 25 62 143 4 6 2
296 55 122 53 347 4 58 2
297 146 3 66 568 7 142 2 176 4 206 6
298 113 109 63 43 4 7 2
299 120 138 71 87 4 19 2
300 29 106 63 343 4 58 2
301 140 74 60 36 4 6 2
302 55 39 62 46 31 4 8 14 12 24 20 30 22 42 27
303 42 144 56 162 4 28 2
304 77 117 62 79 12 16 4 20 7 34 10
305 23 91 55 398 6 62 2 65 4
306 123 4 66 117 11 14 3 34 5 58 7 68 9
307 63 131 60 107 4 14 2
308 8 23 70 120 4 31 2
309 93 123 68 45 34 5 4 17 10 27 14 34 20 41 28
310 0 59 58 107 19 17 2 35 5 42 8 67 10 81 14 86 16
311 37 13 62 345 4 12 2
312 36 142 56 153 8 37 2 41 5 43 7
313 3 39 60 207 12 42 2 66 5 116 9
314 49 113 65 356 4 42 2
315 44 11 54 51 4 12 2
316 62 58 61 151 8 5 3 7 5 22 7
317 67 103 61 34 4 4 2
318 129 75 60 67 7 9 2 25 4 31 6
319 90 57 57 258 4 4 2
320 19 62 62 1183 4 24 2
321 65 100 57 343 4 14 2
322 145 96 61 206 4 8 2
323 126 135 56 82 28 17 8 27 11 33 15 43 23 49 27
324 149 149 70 48 5 3 2 7 4
325 39 6 61 217 4 55 2
326 104 106 69 30 4 3 2
327 105 110 62 34 4 7 2
328 0 92 49 63 7 5 2 18 4 30 6
329 5 68 65 155 21 28 4 65 6 103 11 108 13 110 19
330 131 106 70 34 7 2 2 10 4 15 6
331 105 147 63 307 5 69 2 126 4
332 123 85 56 351 9 57 3 78 5 101 7
333 119 29 71 339 35 9 5 12 11 18 17 85 21 87 27 149 29
334 114 116 58 98 4 3 2
335 145 15 60 171 4 26 2
336 143 81 69 388 4 52 2
337 96 25 60 103 4 2 2
338 106 13 56 95 4 22 2
339 39 1 71 88 4 3 2
340 73 146 64 70 21 7 2 18 8 21 11 25 17
341 63 19 52 294 7 46 2 116 4 168 6
342 141 9 62 30 4 3 2
343 41 91 60 508 5 54 2 131 4
344 1 113 51 49 7 9 2 17 4 26 6
345 133 56 59 505 9 45 2 122 4 162 7
346 43 51 67 42 33 3 5 14 13 16 18 25 21 32 30
347 44 47 65 596 21 143 5 197 11 273 16 368 19
348 24 142 57 88 4 19 2
349 135 109 64 680 4 68 2
350 82 92 74 474 4 104 2
351 21 98 44 93 4 19 2
352 22 104 66 152 8 36 3 39 6
353 90 20 60 337 4 43 2
354 26 43 72 188 36 12 9 46 11 82 20 119 28
355 77 97 54 112 4 10 2
356 29 8 59 205 4 31 2
357 35 126 60 48 4 6 2
358 10 137 56 51 4 5 2
359 14 113 66 301 7 4 2 40 4 94 6
360 79 117 64 118 4 24 2
361 19 117 64 250 4 22 2
362 90 128 59 440 14 49 3 141 7 153 10 166 13
363 91 96 66 49 5 4 2 16 4
364 50 51 65 353 4 55 2
365 76 10 68 891 34 148 6 171 9 351 15 364 24 460 29 469 31
366 21 78 67 521 4 73 2
367 126 110 58 543 4 130 2
368 127 106 47 332 4 59 2
369 2 57 60 614 4 84 2
370 149 26 64 221 7 52 2 57 4 71 6
371 89 93 63 419 4 15 2
372 85 119 66 544 11 118 2 184 5 223 8 228 10
373 80 123 64 331 4 5 2
374 26 127 58 350 4 14 2
375 54 131 53 101 4 11 2
376 53 70 67 355 4 15 2
377 111 32 72 96 4 16 2
378 12 118 55 383 4 4 2
379 106 68 54 129 18 4 4 28 8 56 12 58 15
380 114 24 60 256 10 47 3 97 5 111 7 165 9
381 82 15 58 89 9 4 2 11 5 34 7
382 77 60 71 65 35 4 7 14 15 23 20 27 29
383 48 133 55 791 4 85 2
384 24 1 60 403 12 4 2 54 6 105 9 161 11
385 134 2 64 446 9 69 2 113 5 124 7
386 28 18 66 445 4 65 2
387 116 76 68 431 13 72 4 102 7 186 10
388 17 18 65 436 21 84 2 142 4 177 7 182 10 288 14 360 20
389 96 30 61 240 4 27 2
390 33 92 69 191 4 47 2
391 32 30 64 199 4 43 2
392 94 89 55 123 4 18 2
393 42 119 61 86 4 13 2
394 16 126 53 82 4 10 2
395 140 32 59 138 8 32 2 37 4 56 6
396 72 110 60 524 4 69 2
397 59 18 73 179 5 14 2 36 4
398 102 81 52 82 5 21 2 23 4
399 131 79 54 254 27 16 7 38 10 84 17 120 24
400 60 27 62 458 4 84 2
401 83 36 57 297 4 5 2
402 134 53 63 391 4 46 2
403 109 127 67 311 33 29 6 68 14 136 23 200 31
404 44 122 73 74 4 4 2
405 86 28 70 526 6 21 2 67 4
406 145 4 56 433 4 7 2
407 98 58 62 466 4 115 2
408 124 119 66 416 4 72 2
409 97 140 66 732 22 53 3 160 9 313 12 492 14 524 20
410 70 131 66 214 4 40 2
411 73 69 58 402 9 56 2 75 4 168 7
412 81 47 57 41 4 8 2
413 41 141 60 651 4 17 2
414 25 35 59 480 7 91 2 111 4 172 6
415 61 59 51 254 4 23 2
416 9 89 60 68 4 10 2
417 13 25 70 390 4 53 2
418 80 107 55 83 4 10 2
419 72 133 65 315 4 8 2
420 16 5 63 55 4 7 2
421 133 18 53 105 17 5 3 24 8 26 11 37 14
422 22 7 54 246 4 38 2
423 37 63 64 108 21 27 5 41 10 58 12 81 14 100 18
424 41 147 59 644 5 91 2 224 4
425 54 93 60 56 15 9 2 14 4 16 6 25 8 31 10 45 13
426 137 10 66 77 9 11 3 17 5 31 8
427 135 84 59 131 4 13 2
428 18 148 61 184 15 35 3 57 5 100 8 136 12
429 99 129 68 458 4 88 2
430 0 78 65 65 4 7 2
431 11 54 54 151 4 27 2
432 3 95 60 119 4 21 2
433 6 107 65 124 5 4 2 22 4
434 84 70 62 109 4 16 2
435 49 108 51 390 17 55 3 92 6 158 10 217 13 279 16
436 98 50 56 36 11 6 2 12 4 18 6 27 8 35 10
437 26 42 61 506 10 30 2 90 4 217 7 339 9
438 46 24 68 70 6 2 2 16 4
439 108 139 58 49 4 3 2
440 110 107 74 121 4 13 2
441 104 65 72 554 9 128 3 189 5 256 7
442 68 96 53 429 17 58 2 117 7 191 12
443 113 143 62 86 5 6 2 13 4
444 113 94 62 476 6 46 2 93 4
445 51 101 66 87 7 13 2 32 4 48 6
446 147 0 56 54 4 9 2
447 21 100 65 72 4 7 2
448 77 118 66 226 6 16 2 21 4
449 90 72 54 222 7 54 2 69 4 109 6
450 90 101 68 44 4 5 2
451 117 28 61 204 12 27 2 33 4 44 8 62 10
452 149 44 69 525 23 51 4 60 7 86 9 145 13 258 17 300 20
453 50 5 58 613 4 83 2
454 101 90 59 831 4 129 2
455 22 30 62 146 8 4 3 9 5
456 33 106 62 34 12 7 2 12 4 19 6 25 8
457 144 88 65 78 10 4 2 10 4 28 7 37 9
458 126 148 69 64 11 3 3 12 5 27 8 38 10
459 22 130 54 100 4 23 2
460 144 76 65 97 8 25 3 35 5
461 119 21 63 614 4 109 2
462 112 30 63 292 7 31 2 103 4 142 6
463 89 67 53 283 4 21 2
464 99 124 64 432 5 107 2 147 4
465 21 23 65 741 32 18 4 161 8 333 15 344 20 429 29
466 8 94 59 183 4 32 2
467 75 48 67 129 22 27 4 40 6 43 11 66 13 78 17
468 130 10 60 211 4 42 2
469 97 128 58 36 7 4 2 6 4 11 6
470 8 11 62 84 5 8 2 17 4
471 99 63 57 314 28 60 4 138 10 195 18 242 24
472 120 18 56 309 4 31 2
473 28 143 64 241 4 24 2
474 67 143 55 342 4 8 2
475 101 74 60 102 7 11 2 15 4 27 6
476 141 144 57 104 4 4 2
477 124 88 68 75 34 19 8 36 17 55 23 64 29 66 32
478 104 123 59 987 4 135 2
479 134 46 62 162 15 3 3 34 7 59 11 89 13
480 74 114 58 238 4 5 2
481 101 68 61 212 4 53 2
482 141 3 64 403 4 97 2
483 148 109 62 492 20 35 6 129 11 179 15 195 19
484 59 37 52 173 4 26 2
485 40 79 58 123 29 11 6 32 14 50 18 62 23 76 25
486 92 139 51 90 4 4 2
487 9 2 66 133 4 10 2
488 17 137 53 181 4 12 2
489 145 57 65 717 9 67 2 84 4 194 7
490 118 17 60 545 4 20 2
491 94 118 70 92 35 6 9 14 17 28 19 33 24 49 29
492 129 8 65 341 4 34 2
493 28 145 63 626 4 27 2
494 102 114 54 173 6 17 2 39 4
495 87 61 57 251 14 54 2 90 5 110 8 146 11 159 13
496 121 61 47 112 4 3 2
497 89 123 66 1282 4 34 2
498 95 40 72 37 4 3 2
499 9 122 60 98 30 21 7 30 9 46 15 61 20 64 25
500 45 10 64 259 4 25 2
501 135 56 62 82 12 18 3 38 7 59 9
502 59 130 65 332 6 40 2 52 4
503 117 41 54 61 6 11 2 26 4
504 115 145 67 91 7 16 2 25 4 41 6
505 43 48 66 660 22 150 4 226 6 309 9 331 13 463 15 581 21
506 13 129 68 490 17 75 3 133 6 135 11 143 15
507 86 96 56 210 8 24 2 36 4 83 6
508 0 132 61 30 8 6 3 9 6
509 119 39 61 47 10 10 2 21 4 31 7
510 100 95 50 274 4 55 2
511 51 54 63 474 4 82 2
512 136 3 55 170 11 31 2 35 4 68 7 73 9
513 0 2 68 51 4 11 2
514 43 29 61 318 4 41 2
515 56 82 66 264 4 57 2
516 32 24 64 282 5 32 2 80 4
517 31 95 65 166 4 25 2
518 144 3 64 76 4 16 2
519 89 102 66 284 11 57 2 91 4 119 7 121 10
520 19 39 62 428 4 82 2
521 119 61 56 288 4 36 2
522 34 17 51 591 8 138 2 259 4 355 6
523 8 75 62 160 4 4 2
524 67 58 69 165 8 30 3 69 6
525 101 62 72 114 12 15 2 24 6 37 10
526 122 120 54 392 4 17 2
527 58 58 55 332 4 60 2
528 102 93 58 41 4 6 2
529 34 3 63 539 21 37 3 146 5 263 9 385 15 418 20
530 13 28 60 58 4 9 2
531 33 52 52 55 4 3 2
532 108 89 65 762 21 47 5 126 9 243 14 405 20
533 93 31 53 52 4 6 2
534 104 130 59 46 4 12 2
535 58 57 62 41 4 2 2
536 111 55 63 200 4 10 2
537 11 105 71 542 17 56 4 62 9 109 11 232 13
538 59 73 58 213 4 42 2
539 97 116 69 117 4 14 2
540 145 1 61 320 5 51 2 101 4
541 136 133 59 90 29 16 8 38 12 53 18 70 21
542 27 146 53 30 6 6 2 14 4
543 41 100 63 287 4 13 2
544 119 48 66 781 22 136 6 251 11 437 13 535 17
545 34 110 64 157 5 22 2 52 4
546 71 129 61 214 4 25 2
547 15 148 60 182 4 42 2
548 43 59 67 111 13 7 2 16 5 28 7 50 9 57 12
549 54 74 58 825 5 187 2 346 4
550 51 111 61 530 5 38 2 111 4
551 45 39 71 44 14 12 2 15 4 23 8 26 11
552 66 60 49 259 4 3 2
553 50 21 62 250 4 15 2
554 121 11 64 214 4 44 2
555 83 92 54 333 4 82 2
556 66 44 65 316 9 58 2 124 5 156 8
557 17 32 55 262 13 23 2 75 5 79 7 109 10
558 91 57 58 133 6 30 2 54 4
559 48 87 66 152 4 20 2
560 146 117 47 587 4 103 2
561 146 138 60 203 6 16 2 29 4
562 90 56 58 92 5 21 2 23 4
563 108 141 65 64 4 16 2
564 132 13 61 81 4 2 2
565 93 115 71 113 35 24 2 30 10 51 12 64 17 69 20 84 29
566 26 130 64 288 4 49 2
567 123 79 58 190 4 3 2
568 100 87 51 371 4 59 2
569 73 18 62 157 10 34 2 51 4 72 6 101 9
570 131 111 67 70 4 6 2
571 73 120 54 66 4 2 2
572 101 54 64 329 4 20 2
573 9 55 74 155 4 31 2
574 11 4 61 114 8 12 2 37 4 42 7
575 124 26 59 280 5 26 2 60 4
576 2 30 62 68 6 12 2 25 4
577 147 142 63 294 4 47 2
578 107 128 64 166 4 22 2
579 78 6 60 57 4 5 2
580 142 57 55 367 18 58 4 114 6 162 8 216 11 256 14
581 140 144 54 256 4 58 2
582 113 119 69 321 4 78 2
583 15 147 67 511 6 37 2 71 4
584 70 101 59 487 4 34 2
585 33 74 63 81 4 11 2
586 22 65 61 122 8 3 2 30 4 55 7
587 89 119 53 286 4 70 2
588 131 5 68 187 6 2 2 12 4
589 77 85 56 349 4 36 2
590 46 111 57 258 4 36 2
591 97 145 61 340 4 86 2
592 106 89 55 77 11 10 3 25 6 45 8 56 10
593 45 137 61 549 4 47 2
594 125 96 62 230 4 5 2
595 144 51 64 68 8 11 3 14 5
596 85 128 58 329 4 58 2
597 149 108 58 542 8 102 3 188 5
598 106 30 65 469 4 11 2
599 19 98 59 94 5 16 2 38 4
600 61 54 64 68 4 12 2
601 2 136 54 282 13 20 2 34 6 40 10
602 121 23 66 94 4 13 2
603 122 95 59 82 4 4 2
604 91 149 64 36 10 10 2 16 5 24 8
605 145 85 63 334 4 5 2
606 104 143 60 234 20 8 4 51 6 93 8 127 13 136 16
607 132 14 58 249 19 29 5 40 9 73 11 117 14
608 131 103 61 37 4 7 2
609 87 53 63 736 4 129 2
610 27 115 62 176 4 38 2
611 144 148 68 80 13 4 4 25 8 40 12
612 97 97 54 234 27 39 6 59 8 92 13 137 20 177 22
613 118 29 53 73 6 7 2 13 4
614 68 126 60 32 12 5 2 10 5 18 8
615 30 67 50 59 4 12 2
616 108 136 66 185 4 36 2
617 127 135 56 144 14 33 4 43 8 69 10 86 12
618 20 122 61 37 4 7 2
619 31 87 64 491 4 67 2
620 0 21 52 30 5 6 2 14 4
621 10 139 55 278 4 34 2
622 19 13 59 73 4 12 2
623 115 14 64 159 4 33 2
624 135 32 67 271 22 53 3 72 6 139 11 141 14 185 17
625 36 122 61 116 4 20 2
626 75 13 63 527 21 122 5 198 7 282 11 388 14 479 19
627 148 105 66 79 33 8 4 24 10 32 19 38 24 43 26 49 32
628 42 82 66 76 22 14 2 31 6 41 9 52 15 64 19 72 21
629 79 46 61 489 4 121 2
630 36 113 68 390 17 21 3 81 7 100 11 164 14
631 74 39 57 33 6 4 2 12 4
632 4 135 61 207 5 33 2 63 4
633 49 138 56 81 4 5 2
634 90 32 62 30 15 7 3 14 5 19 9 26 12
635 90 40 67 97 4 10 2
636 2 118 69 30 4 4 2
637 64 103 53 106 4 23 2
638 65 122 63 417 4 94 2
639 57 101 60 186 4 19 2
640 85 149 60 828 4 205 2
641 62 109 58 202 4 8 2
642 85 1 60 1165 15 108 2 125 4 401 6 664 9 773 12
643 84 104 75 566 12 141 4 230 6 347 9 409 11
644 98 128 57 109 9 16 2 34 4 59 7
645 15 103 59 101 4 22 2
646 27 82 67 265 4 36 2
647 96 72 66 54 4 7 2
648 42 35 64 528 4 83 2
649 7 130 57 83 4 16 2
650 66 84 59 78 4 8 2
651 122 32 59 240 11 21 3 78 5 92 8 146 10
652 51 50 61 73 4 5 2
653 1 142 65 42 4 5 2
654 44 87 63 71 4 7 2
655 37 125 57 505 11 47 3 70 6 191 8 259 10
656 82 27 55 1101 18 59 3 114 5 297 9 438 11 624 15
657 13 114 63 105 7 26 2 31 4 58 6
658 140 66 51 286 5 32 2 35 4
659 44 147 59 551 5 85 2 136 4
660 28 83 58 276 5 2 2 45 4
661 148 107 54 182 13 12 3 20 6 50 8 96 11
662 79 143 66 61 22 3 6 12 12 17 18 27 21
663 29 121 56 68 4 13 2
664 101 146 57 920 19 218 5 296 10 331 13 443 17
665 119 14 66 274 4 42 2
666 44 18 67 258 4 53 2
667 89 64 57 145 9 33 3 53 5 85 7
668 123 13 55 30 4 4 2
669 13 31 57 222 4 31 2
670 67 33 57 148 9 37 2 63 5 68 8
671 113 15 59 215 19 47 5 94 10 104 15
672 139 35 57 551 4 29 2
673 28 136 58 77 29 3 4 17 11 34 14 37 18 50 22 54 27
674 73 105 61 109 15 6 2 18 6 26 10 46 14
675 36 25 55 32 4 7 2
676 70 100 70 134 4 14 2
677 44 91 54 117 4 23 2
678 116 103 54 90 5 21 2 23 4
679 48 27 58 176 4 19 2
680 44 54 53 424 4 80 2
681 69 111 67 122 16 9 5 11 9 29 12 33 15
682 40 26 64 708 9 77 3 141 6 290 8
683 107 115 66 119 4 12 2
684 109 39 61 478 15 86 4 109 7 176 11 296 14
685 98 26 57 456 7 20 2 70 4 92 6
686 134 27 71 30 23 2 3 4 5 7 7 9 11 11 17
687 144 141 61 51 20 4 4 7 10 11 16 18 18
688 108 105 68 373 5 73 2 145 4
689 70 115 64 102 10 14 3 19 6 43 8
690 26 81 58 1034 4 72 2
691 120 107 64 102 4 14 2
692 54 41 57 745 4 183 2
693 78 78 62 48 4 7 2
694 99 125 54 176 13 27 3 46 5 72 7 94 10 129 12
695 11 78 68 34 4 7 2
696 48 90 71 441 11 111 2 202 5 265 7 331 9
697 20 78 61 121 4 8 2
698 149 79 58 531 7 112 2 180 4 311 6
699 38 99 55 86 4 8 2
700 26 92 52 821 4 147 2
701 140 70 58 83 4 21 2
702 30 95 63 293 4 65 2
703 93 100 55 392 4 29 2
704 89 83 54 434 4 7 2
705 5 83 64 45 4 12 2
706 39 120 61 444 6 80 2 113 4
707 66 107 61 463 4 113 2
708 63 65 64 125 8 32 2 43 5
709 115 69 57 100 4 2 2
710 87 43 56 111 4 25 2
711 76 110 62 170 6 19 2 46 4
712 1 49 63 288 6 40 2 89 4
713 63 63 68 207 4 46 2
714 36 103 56 508 4 46 2
715 132 93 67 577 4 108 2
716 107 67 55 129 4 7 2
717 136 135 64 456 4 26 2
718 76 30 63 53 31 7 2 14 8 21 11 33 16 41 24 47 28
719 15 46 55 58 5 7 2 15 4
720 50 83 65 285 6 23 2 65 4
721 57 103 51 337 4 28 2
722 52 116 61 1195 6 55 2 160 4
723 92 17 57 268 6 18 2 86 4
724 147 103 63 169 4 29 2
725 84 31 56 45 18 4 5 8 10 17 14
726 129 131 71 988 35 186 9 310 11 502 17 557 23 630 32
727 59 84 66 134 4 19 2
728 56 145 75 89 5 15 2 36 4
729 8 104 64 220 4 53 2
730 0 60 60 138 4 25 2
731 17 85 72 293 4 40 2
732 57 79 63 102 7 21 2 36 4 57 6
733 92 80 66 569 4 74 2
734 96 44 59 544 4 58 2
735 121 27 44 72 8 19 3 26 5 31 7
736 57 76 56 529 6 25 2 82 4
737 58 130 63 497 21 72 6 105 11 114 14 161 19
738 6 56 52 143 4 26 2
739 124 83 55 487 27 91 7 177 14 192 18 299 24 330 26
740 128 78 62 150 4 8 2
741 73 91 53 304 4 40 2
742 126 87 58 346 4 37 2
743 36 13 60 120 4 13 2
744 103 27 59 269 4 14 2
745 95 147 64 64 4 11 2
746 95 124 68 115 4 21 2
747 120 86 66 88 4 15 2
748 46 48 67 177 33 14 3 43 7 69 16 77 24
749 74 41 68 123 34 16 4 19 12 48 20 69 28 79 33
750 29 34 62 130 6 17 2 30 4
751 82 69 72 271 5 3 2 62 4
752 100 40 62 587 4 83 2
753 107 6 60 300 4 15 2
754 58 41 59 214 29 47 5 51 9 77 17 85 24 91 28
755 69 14 71 59 4 7 2
756 149 8 57 108 9 12 3 29 6 35 8
757 55 142 67 176 4 42 2
758 74 76 56 69 4 11 2
759 61 89 61 152 4 12 2
760 141 53 64 172 4 13 2
761 149 71 53 319 4 64 2
762 93 1 56 113 7 14 2 24 4 36 6
763 61 148 63 177 4 16 2
764 79 102 60 383 4 59 2
765 124 29 64 32 12 5 2 13 5 18 8
766 65 38 54 108 5 14 2 21 4
767 63 55 66 722 4 5 2
768 104 68 66 45 4 7 2
769 61 149 58 283 4 56 2
770 83 144 67 300 16 49 3 116 7 150 11 157 13
771 129 18 65 52 13 9 2 14 5 21 8 30 11
772 52 146 52 228 8 21 2 73 5
773 10 39 58 210 4 52 2
774 106 94 56 116 9 27 3 30 6
775 49 131 59 42 4 9 2
776 87 139 69 262 4 28 2
777 80 78 76 111 4 23 2
778 8 88 70 290 6 69 2 120 4
779 38 101 61 107 4 16 2
780 89 57 57 374 28 80 8 168 14 244 17 279 22 286 27
781 23 133 62 38 7 2 2 12 4 17 6
782 70 54 61 46 4 5 2
783 2 22 65 328 16 76 2 115 6 153 11
784 137 106 56 401 14 68 2 92 4 152 8 235 12
785 53 81 52 159 4 33 2
786 100 138 57 44 19 9 4 15 6 19 11 23 14 33 17
787 108 83 68 62 4 16 2
788 79 138 60 439 4 22 2
789 140 47 64 545 4 75 2
790 23 111 63 493 4 3 2
791 111 122 62 135 10 9 3 24 6 55 8
792 88 61 70 102 5 11 2 26 4
793 38 26 53 37 5 10 2 14 4
794 93 129 66 92 4 13 2
795 118 131 58 76 4 5 2
796 20 65 59 431 4 6 2
797 44 71 58 964 4 58 2
798 115 135 66 30 16 3 5 9 10 13 12
799 54 133 66 352 4 61 2
800 41 127 54 108 4 28 2
801 19 120 61 244 30 44 3 77 7 111 12 151 18 185 21 190 26
802 141 65 60 412 4 30 2
803 13 49 58 280 4 44 2
804 125 16 59 51 11 2 2 6 4 12 6 22 9
805 107 41 61 250 4 55 2
806 43 53 62 234 7 41 2 66 4 82 6
807 64 53 58 146 4 28 2
808 148 32 66 265 4 41 2
809 66 51 72 180 36 45 5 79 13 101 22 131 27 167 32
810 43 119 62 289 12 11 4 50 8
811 9 145 69 106 5 3 2 11 4
812 123 112 53 348 8 4 3 69 5 156 7
813 66 65 53 576 4 9 2
814 106 34 60 60 4 16 2
815 69 20 61 86 4 13 2
816 18 56 52 516 4 90 2
817 7 46 55 154 6 19 2 52 4
818 133 43 59 49 8 11 2 21 5
819 94 6 63 76 6 12 2 28 4
820 84 75 63 161 4 29 2
821 71 134 68 1008 22 191 3 202 7 300 11 309 14 317 16 325 20
822 20 70 61 205 4 13 2
823 99 92 56 70 5 5 2 18 4
824 126 0 60 111 4 13 2
825 26 7 67 107 4 7 2
826 49 64 67 60 4 4 2
827 3 6 67 763 4 45 2
828 49 47 51 223 6 20 2 69 4
829 106 41 72 129 18 23 4 26 9 39 13
830 99 3 61 43 5 2 2 12 4
831 12 110 68 175 7 15 2 39 4 43 6
832 27 45 62 43 15 11 2 17 4 20 8 23 11 25 14
833 34 52 61 68 4 14 2
834 58 80 69 205 6 36 2 63 4
835 84 50 51 101 4 5 2
836 56 134 59 1093 19 13 3 178 6 282 9 505 11 517 16
837 130 118 55 190 4 12 2
838 40 25 59 137 4 15 2
839 109 116 62 724 20 149 4 251 9 394 12 556 16
840 20 74 60 1472 4 279 2
841 105 69 73 164 24 37 2 70 7 83 14 117 20 126 23
842 67 69 55 149 6 26 2 42 4
843 80 59 65 127 4 21 2
844 17 71 59 165 7 3 2 10 4 17 6
845 57 59 51 107 4 10 2
846 112 124 61 44 4 6 2
847 21 91 63 39 7 10 2 15 4 25 6
848 143 33 57 276 6 54 2 117 4
849 64 13 63 33 7 9 2 11 4 13 6
850 56 101 69 41 4 11 2
851 131 67 68 228 4 15 2
852 138 67 66 136 16 2 3 8 5 13 10 39 15
853 28 126 56 35 4 6 2
854 46 41 52 143 5 14 2 26 4
855 56 8 56 107 18 23 3 28 8 46 13 70 16
856 44 135 62 65 6 7 2 11 4
857 84 128 55 84 13 15 3 34 6 55 8 74 12
858 117 112 60 41 5 4 2 8 4
859 98 48 62 260 12 49 2 90 4 95 6 125 8 130 11
860 93 127 61 568 6 140 2 166 4
861 38 54 75 88 5 19 2 27 4
862 33 72 59 293 4 65 2
863 69 79 61 109 4 24 2
864 140 132 57 228 4 55 2
865 107 123 60 55 8 12 2 25 4 35 7
866 62 134 58 446 29 99 3 182 8 187 16 240 21
867 148 113 53 541 4 85 2
868 51 5 52 154 26 23 7 30 12 42 15 65 20 104 25
869 50 144 66 241 6 11 2 62 4
870 72 79 62 89 4 15 2
871 89 113 63 154 4 10 2
872 20 36 64 164 8 31 2 38 4 42 6
873 13 65 56 65 9 11 2 16 5 32 8
874 51 53 54 232 18 12 2 17 4 61 7 64 11 81 15 91 17
875 91 148 55 811 4 124 2
876 126 7 68 54 17 7 4 16 7 18 10 25 13
877 104 126 60 298 6 17 2 86 4
878 96 135 53 257 5 4 2 33 4
879 61 125 63 162 15 30 2 64 6 69 9 77 11 116 14
880 74 74 66 110 6 23 2 45 4
881 7 135 68 212 6 30 2 55 4
882 55 41 66 260 13 59 2 102 4 168 8 191 10
883 20 27 62 77 4 11 2
884 97 4 52 759 4 22 2
885 62 81 61 330 4 58 2
886 60 55 65 85 21 17 5 38 10 51 13 59 17 74 19
887 78 97 55 328 7 63 2 69 4 128 6
888 143 62 62 55 4 4 2
889 80 24 67 54 33 3 6 9 15 23 18 30 23 39 31
890 129 135 56 892 4 66 2
891 133 59 63 228 21 11 6 19 12 77 14 80 18
892 130 119 58 131 4 19 2
893 95 19 74 881 4 140 2
894 37 84 51 1005 4 74 2
895 4 104 62 150 15 15 2 24 6 60 10 98 12 104 14
896 139 110 67 488 11 14 2 104 5 157 8 182 10
897 85 73 60 77 4 8 2
898 7 35 60 83 5 2 2 10 4
899 51 36 58 61 4 13 2
900 50 14 63 244 7 36 2 79 4 129 6
901 86 81 63 259 5 28 2 68 4
902 19 32 70 169 8 21 2 49 4 65 6
903 42 105 53 138 7 31 2 41 4 54 6
904 72 9 64 143 4 4 2
905 140 145 51 311 4 29 2
906 116 138 67 52 4 2 2
907 75 136 66 384 4 92 2
908 44 106 47 418 6 67 2 93 4
909 0 98 63 188 4 45 2
910 85 13 71 74 17 2 3 10 5 27 10 45 12 57 15
911 0 107 61 348 4 44 2
912 87 60 68 41 13 5 4 14 7 23 10
913 36 58 64 243 4 36 2
914 95 66 64 71 5 14 2 17 4
915 128 44 55 32 4 9 2
916 135 35 66 62 7 14 2 30 4 45 6
917 59 31 55 265 6 49 2 61 4
918 79 101 70 400 14 3 2 22 5 50 9 54 12
919 89 86 68 186 11 25 3 60 6 88 8
920 59 71 56 204 4 22 2
921 117 40 55 49 4 3 2
922 100 120 58 150 4 35 2
923 18 78 60 36 4 10 2
924 70 51 49 190 4 48 2
925 87 40 61 774 4 182 2
926 148 42 64 89 12 6 3 25 7 34 11
927 144 37 63 1147 4 179 2
928 7 138 71 529 5 41 2 136 4
929 82 136 60 154 15 31 4 66 7 93 9 109 11 129 14
930 142 126 55 256 4 6 2
931 78 21 60 109 4 6 2
932 8 119 60 274 15 33 2 88 6 146 8 172 12
933 113 139 78 391 4 38 2
934 58 75 66 557 4 85 2
935 79 37 59 175 11 26 2 36 5 78 8
936 30 17 68 45 4 11 2
937 133 77 64 520 10 51 3 83 5 120 7 215 9
938 115 37 65 54 10 12 3 19 6 23 8
939 92 39 58 230 4 39 2
940 74 88 53 302 4 55 2
941 52 98 61 126 30 21 5 29 12 33 17 52 24
942 84 43 54 67 27 9 5 16 9 24 14 40 18 56 21 60 26
943 44 79 61 298 30 45 6 77 10 145 17 189 24
944 100 55 69 312 5 76 2 83 4
945 137 75 61 51 20 13 4 26 9 36 11 41 17
946 116 118 68 73 13 14 4 27 7 34 11
947 102 2 65 262 4 28 2
948 107 90 57 64 4 3 2
949 27 11 58 45 4 11 2
950 143 82 61 49 4 2 2
951 16 16 56 74 18 4 2 14 4 26 8 30 11 37 16
952 78 12 66 104 5 22 2 41 4
953 47 143 66 36 9 2 2 7 4 10 7
954 129 64 59 416 4 42 2
955 65 128 65 69 7 8 2 16 4 20 6
956 142 119 65 491 4 98 2
957 3 16 56 341 4 21 2
958 130 91 63 270 7 50 2 52 4 67 6
959 67 123 64 30 16 6 2 9 5 16 7 23 9 29 12
960 35 5 58 75 19 13 2 18 7 21 12 38 14 55 16 61 18
961 131 147 52 145 8 10 3 27 5
962 136 126 67 266 4 2 2
963 101 81 58 589 19 24 2 42 7 155 9 198 13 233 15 289 18
964 93 0 59 307 4 36 2
965 120 140 56 215 14 25 2 64 6 110 8 157 12
966 83 140 54 132 7 26 2 52 4 63 6
967 0 45 62 281 31 60 3 127 5 138 11 176 18 235 23 266 30
968 120 83 58 53 4 8 2
969 92 109 58 225 29 33 7 40 15 73 17 84 20 94 22 126 27
970 56 117 65 41 4 5 2
971 85 67 54 432 4 68 2
972 98 139 62 255 31 40 8 81 14 126 19 150 24 205 26 251 29
973 43 70 61 119 4 23 2
974 118 99 58 494 7 122 2 214 4 284 6
975 30 123 58 444 4 96 2
976 63 50 60 131 6 29 2 57 4
977 51 67 58 114 4 13 2
978 66 80 51 99 4 2 2
979 4 67 67 287 4 12 2
980 13 101 57 520 4 44 2
981 73 28 49 97 4 21 2
982 90 39 60 539 10 90 2 104 5 237 8
983 116 35 68 30 34 5 8 7 17 12 22 20 24 27 33
984 69 106 62 61 4 16 2
985 88 0 58 182 4 3 2
986 60 37 55 70 4 16 2
987 113 131 54 229 4 40 2
988 94 17 62 298 4 50 2
989 121 73 62 63 4 10 2
990 55 140 58 216 19 13 3 36 8 72 11 86 16
991 92 21 58 99 7 22 2 43 4 46 6
992 96 102 66 234 4 23 2
993 8 125 66 57 4 5 2
994 77 84 60 201 15 8 2 32 5 61 9 82 13
995 91 54 69 107 6 14 2 38 4
996 78 69 50 259 12 64 3 81 6 101 10
997 52 13 57 190 28 33 3 47 5 89 9 106 14 142 18 162 20 179 25
998 135 2 60 134 4 28 2
999 74 2 60 408 15 23 3 124 7 162 11 217 14
1000 129 86 62 95 10 7 2 22 4 24 6 44 9
1001 148 39 64 304 10 64 3 99 5 116 7
1002 77 45 60 584 15 23 3 150 7 183 11
1003 123 5 55 232 4 16 2
1004 114 124 67 106 4 26 2
1005 97 44 56 159 14 22 2 57 5 88 8 128 11
1006 121 126 57 553 8 98 2 106 5 138 7
1007 84 57 65 187 6 5 2 50 4
1008 65 129 65 449 4 7 2
1009 94 12 64 657 4 157 2
1010 73 14 57 126 19 11 4 25 9 36 14 39 18
1011 27 78 68 250 13 8 4 16 8 39 11
1012 7 7 65 450 10 43 2 94 4 105 7 124 9
1013 93 47 55 30 4 6 2
1014 0 97 61 73 5 8 2 14 4
1015 97 61 67 47 4 4 2
1016 39 49 52 1002 13 152 4 389 7 523 10 668 12
1017 29 146 54 62 4 2 2
1018 24 131 65 296 4 18 2
1019 136 37 64 32 4 3 2
1020 38 93 70 46 11 5 3 17 6 28 9
1021 43 56 60 260 4 14 2
1022 122 99 60 104 10 20 2 42 5 57 7 61 9
1023 141 5 58 376 8 86 2 98 5 183 7
1024 55 55 53 78 4 7 2
1025 70 37 61 64 4 16 2
1026 71 56 53 538 10 29 3 138 6 159 8
1027 90 131 50 274 4 36 2
1028 33 82 67 112 4 15 2
1029 0 88 67 35 4 8 2
1030 95 58 65 494 16 77 3 122 6 139 9 192 13
1031 61 105 62 173 5 5 2 8 4
1032 102 35 60 276 4 15 2
1033 140 6 60 768 4 166 2
1034 97 96 59 265 6 40 2 63 4
1035 107 89 62 49 4 12 2
1036 141 137 57 298 19 73 4 107 8 138 12 173 15
1037 70 65 62 408 4 56 2
1038 116 0 65 172 4 16 2
1039 27 75 67 53 4 2 2
1040 32 133 65 129 32 19 3 46 5 49 8 76 12 106 14
1041 22 131 68 617 34 101 7 124 10 234 18 266 24 276 30
1042 24 120 64 362 4 50 2
1043 33 2 73 116 12 29 4 32 6 39 10
1044 6 100 54 111 4 11 2
1045 86 1 59 706 4 81 2
1046 22 59 61 101 6 6 2 11 4
1047 119 53 54 786 4 184 2
1048 70 34 58 1303 11 83 3 115 6 134 8 274 10
1049 141 132 60 74 7 13 2 31 4 41 6
1050 39 112 64 144 4 28 2
1051 120 137 68 196 11 11 2 15 5 39 7 65 10
1052 126 132 48 210 4 53 2
1053 122 90 54 192 18 9 2 35 4 75 9 121 13 129 15
1054 48 136 57 89 4 21 2
1055 43 13 60 265 6 26 2 43 4
1056 31 114 66 314 4 28 2
1057 108 2 66 173 11 14 3 46 5 80 7 94 9
1058 69 45 68 103 17 24 3 31 6 50 10 54 13 80 15
1059 82 122 57 162 4 28 2
1060 97 0 67 778 4 130 2
1061 134 51 55 186 7 26 2 45 4 47 6
1062 17 147 58 321 4 76 2
1063 55 97 55 832 5 94 2 259 4
1064 24 82 62 30 4 8 2
1065 72 129 53 556 6 130 2 198 4
1066 80 62 57 123 4 16 2
1067 1 147 53 89 17 5 3 22 7 44 9 46 13
1068 130 47 70 147 14 4 3 41 5 75 9 104 13
1069 76 132 58 287 7 52 2 70 4 117 6
1070 133 88 56 120 18 13 3 42 6 65 10 88 14
1071 17 77 57 426 4 94 2
1072 75 149 55 317 4 16 2
1073 9 73 55 118 5 3 2 12 4
1074 125 112 65 385 4 25 2
1075 75 101 61 232 6 51 2 105 4
1076 119 145 63 190 4 40 2
1077 109 6 58 33 9 4 2 9 5 14 7
1078 84 84 54 512 4 57 2
1079 110 119 59 214 4 24 2
1080 99 43 61 291 4 54 2
1081 4 77 57 90 14 18 4 27 8 39 10
1082 105 40 58 248 8 37 3 73 6
1083 105 78 67 172 4 40 2
1084 134 18 62 376 31 73 3 151 5 154 7 179 9 203 15 279 23 294 27
1085 73 85 61 84 20 15 6 31 11 53 16
1086 18 52 60 81 12 10 2 30 5 49 8
1087 8 14 60 43 4 10 2
1088 61 138 63 300 4 31 2
1089 112 128 52 271 4 51 2
1090 30 42 65 142 9 30 3 53 6 89 8
1091 132 88 58 405 14 20 2 71 5 150 9 251 11
1092 0 138 66 437 4 10 2
1093 57 134 68 200 8 33 3 66 6
1094 86 144 63 70 31 4 6 20 14 25 21 36 27
1095 44 123 53 35 4 6 2
1096 81 141 65 132 32 23 6 39 10 50 13 80 22 105 25 120 28
1097 56 63 66 53 4 12 2
1098 5 137 58 68 5 6 2 14 4
1099 126 109 63 407 7 34 2 59 4 111 6
1100 62 146 70 384 5 50 2 109 4
1101 124 111 60 197 4 6 2
1102 42 39 60 69 20 7 3 22 9 40 11 47 16
1103 73 108 49 233 4 32 2
1104 145 62 67 30 22 8 6 15 9 22 15 24 21
1105 77 100 59 30 4 6 2
1106 70 23 60 236 10 15 2 31 5 44 7
1107 117 94 67 92 4 10 2
1108 135 40 61 747 6 75 2 231 4
1109 84 142 56 78 4 5 2
1110 148 137 56 136 14 2 3 16 6 29 8 40 11
1111 43 120 53 826 4 118 2
1112 40 128 55 76 4 7 2
1113 7 127 53 131 4 11 2
1114 75 71 65 101 7 18 2 37 4 62 6
1115 31 128 60 82 6 3 2 24 4
1116 42 53 54 321 7 5 2 30 4 63 6
1117 64 83 54 52 9 9 2 14 5 27 7
1118 5 1 60 286 4 26 2
1119 101 147 57 350 4 25 2
1120 4 33 61 455 20 91 2 127 6 176 10 285 14
1121 95 87 68 37 6 8 2 18 4
1122 3 33 60 108 6 24 2 31 4
1123 5 14 54 91 27 22 2 38 7 58 11 66 16 71 23
1124 31 124 59 96 9 13 2 29 4 54 6 65 8
1125 68 147 55 75 6 3 2 16 4
1126 94 72 53 323 5 22 2 83 4
1127 97 49 55 181 4 44 2
1128 126 10 60 910 4 195 2
1129 35 123 54 256 4 44 2
1130 110 61 65 136 4 2 2
1131 50 53 66 610 5 106 2 241 4
1132 136 132 66 542 4 101 2
1133 31 7 57 30 4 4 2
1134 26 148 66 313 4 18 2
1135 5 114 62 42 12 9 4 18 7 22 11
1136 52 125 57 61 4 6 2
1137 71 11 62 129 4 17 2
1138 107 131 63 31 31 5 6 10 11 13 19 15 22 19 29
1139 114 99 66 565 4 95 2
1140 84 51 63 338 6 70 2 146 4
1141 141 141 62 83 4 19 2
1142 110 74 72 414 12 49 2 121 4 215 8 250 11
1143 108 34 50 417 5 94 2 121 4
1144 88 65 65 178 5 25 2 43 4
1145 13 130 63 738 4 89 2
1146 54 9 66 1029 33 104 4 333 6 444 12 672 15 882 20 906 29
1147 65 65 60 30 15 6 2 14 4 17 8 22 12
1148 56 72 58 233 4 41 2
1149 114 78 59 218 4 51 2
1150 14 2 66 127 4 24 2
1151 96 108 68 388 4 52 2
1152 55 9 55 30 7 7 2 15 4 20 6
1153 136 108 61 74 15 18 4 33 8 43 10 53 14
1154 27 97 60 899 6 225 2 309 4
1155 145 29 65 306 4 70 2
1156 12 3 64 45 4 12 2
1157 92 41 59 104 4 20 2
1158 50 115 66 246 4 11 2
1159 135 128 55 183 6 9 2 19 4
1160 74 134 72 184 5 10 2 57 4
1161 70 99 59 42 4 9 2
1162 125 17 63 215 4 28 2
1163 7 117 56 405 5 38 2 114 4
1164 58 25 62 605 5 21 2 43 4
1165 114 58 58 358 4 21 2
1166 126 73 61 331 4 9 2
1167 145 8 65 632 4 47 2
1168 130 108 61 186 4 17 2
1169 95 55 63 160 15 33 3 45 6 79 9 120 12
1170 83 25 60 323 4 21 2
1171 101 16 63 185 4 45 2
1172 96 23 67 252 4 54 2
1173 75 40 65 262 10 64 2 97 5 145 8
1174 104 63 64 69 4 5 2
1175 38 52 68 109 4 18 2
1176 106 99 64 301 4 17 2
1177 65 99 66 144 4 8 2
1178 20 98 60 270 4 2 2
1179 42 59 72 182 14 33 2 78 5 107 7 114 9 129 12
1180 56 1 62 474 5 40 2 105 4
1181 146 105 59 187 19 36 2 56 7 97 10 103 15 117 18
1182 128 115 56 405 5 60 2 70 4
1183 32 42 61 96 4 17 2
1184 54 106 71 300 14 54 2 100 6 159 8 204 10 278 13
1185 97 94 61 112 15 26 4 50 6 77 10 85 12 93 14
1186 11 84 62 513 12 43 2 64 5 173 7 249 10
1187 146 9 56 298 14 59 3 133 7 138 11
1188 15 140 65 47 5 12 2 15 4
1189 102 148 58 204 4 24 2
1190 100 84 52 143 4 36 2
1191 87 25 57 932 7 84 2 209 4 220 6
1192 94 48 57 208 9 26 2 29 4 64 6 83 8
1193 105 28 57 42 4 10 2
1194 51 9 51 481 25 60 5 108 7 227 14 239 21 346 23
1195 143 72 58 137 4 22 2
1196 43 77 58 677 4 78 2
1197 37 149 66 282 4 3 2
1198 51 42 55 38 9 4 3 7 6 17 8
1199 91 50 62 181 4 43 2
1200 104 85 66 151 4 11 2
1201 106 56 57 222 4 38 2
1202 99 18 61 143 4 23 2
1203 32 75 57 237 4 35 2
1204 122 45 63 163 4 30 2
1205 46 105 62 30 5 2 2 4 4
1206 62 38 61 53 4 8 2
1207 106 50 53 262 4 24 2
1208 48 67 61 132 15 22 4 49 8 64 10 97 13
1209 109 22 52 39 10 6 2 11 4 20 7 22 9
1210 106 21 59 299 4 41 2
1211 107 10 69 521 9 56 2 103 5 188 7
1212 98 17 59 34 4 3 2
1213 38 124 55 66 6 9 2 20 4
1214 20 119 67 104 13 26 2 44 6 62 10
1215 82 44 56 202 7 36 2 48 4 55 6
1216 133 2 59 111 4 22 2
1217 42 69 53 550 8 16 3 84 5
1218 110 104 60 34 20 9 2 13 5 16 11 24 13 31 19
1219 97 20 62 93 4 10 2
1220 1 40 57 473 4 115 2
1221 75 42 63 356 12 67 2 91 4 168 8
1222 114 10 68 103 4 24 2
1223 24 126 63 271 4 54 2
1224 43 82 64 390 4 49 2
1225 101 106 60 282 4 35 2
1226 145 56 74 528 7 112 2 226 4 312 6
1227 119 28 55 340 4 7 2
1228 17 99 65 261 4 17 2
1229 37 12 69 50 4 4 2
1230 95 7 64 186 4 3 2
1231 66 115 65 240 4 17 2
1232 64 148 62 59 31 15 4 23 12 31 18 34 25
1233 9 108 67 204 4 3 2
1234 25 72 52 151 4 12 2
1235 51 33 63 103 4 14 2
1236 8 143 66 85 4 2 2
1237 125 129 54 33 27 9 6 16 13 22 16 24 19 31 22
1238 149 116 67 72 5 10 2 23 4
1239 89 53 60 49 6 12 2 17 4
1240 135 34 52 486 26 65 2 116 9 125 13 206 20 316 23 359 25
1241 51 35 60 688 6 93 2 113 4
1242 46 61 62 347 5 47 2 94 4
1243 5 147 62 223 4 26 2
1244 72 62 66 1032 4 232 2
1245 54 109 53 185 7 33 2 56 4 75 6
1246 105 64 55 69 4 18 2
1247 141 84 70 117 4 8 2
1248 115 72 56 128 4 9 2
1249 23 120 64 328 4 45 2
1250 17 141 58 540 7 9 2 100 4 235 6
1251 132 141 60 507 5 109 2 181 4
1252 43 75 66 189 9 33 3 68 5 82 8
1253 91 42 64 356 8 29 2 101 5
1254 56 130 63 198 10 13 2 45 5 85 8
1255 116 110 59 149 19 29 5 51 7 89 9 125 12 129 17
1256 36 20 60 58 4 4 2
1257 81 61 62 252 31 24 8 71 14 125 22 157 28
1258 32 53 65 71 21 12 4 27 6 39 10 49 14 56 19
1259 52 107 51 37 4 10 2
1260 37 14 51 159 7 19 2 25 4 61 6
1261 97 123 67 991 4 30 2
1262 137 7 58 42 11 6 3 15 6 23 8
1263 4 119 62 165 31 21 7 63 15 71 21 113 25
1264 38 112 60 215 15 20 4 60 6 102 9 122 13
1265 19 143 59 191 29 48 5 58 10 106 12 150 19 188 23
1266 5 115 56 116 4 22 2
1267 96 112 66 173 4 8 2
1268 0 136 58 127 9 27 3 59 6 68 8
1269 128 128 66 668 8 42 2 131 4 194 6
1270 0 133 59 48 4 7 2
1271 8 22 56 529 4 38 2
1272 6 58 77 125 4 7 2
1273 147 55 58 96 4 5 2
1274 105 39 63 55 7 2 2 4 4 14 6
1275 92 117 63 155 4 34 2
1276 63 137 71 476 23 51 5 157 9 216 15 318 20
1277 108 36 57 63 9 10 3 19 6
1278 2 2 66 109 13 15 3 28 5 48 7 63 9 88 11
1279 127 84 67 160 13 13 2 23 5 40 9 68 12
1280 124 146 64 261 4 15 2
1281 118 46 63 117 4 3 2
1282 18 60 70 232 4 2 2
1283 124 109 63 59 4 2 2
1284 138 80 61 367 4 45 2
1285 2 147 51 88 4 3 2
1286 20 128 57 99 6 17 2 38 4
1287 135 16 63 50 4 11 2
1288 78 124 63 361 4 41 2
1289 64 5 65 406 16 30 5 82 7 170 11 195 14
1290 67 71 59 74 4 16 2
1291 137 27 65 166 4 14 2
1292 133 99 54 88 7 4 2 23 4 28 6
1293 1 2 63 665 4 121 2
1294 49 78 67 52 13 8 4 18 8 30 11
1295 134 138 65 518 4 87 2
1296 109 97 68 746 4 77 2
1297 123 90 62 36 4 5 2
1298 149 129 64 43 4 8 2
1299 24 34 64 275 4 66 2
1300 35 18 59 101 4 13 2
1301 45 52 56 68 5 9 2 18 4
1302 5 71 72 279 36 30 9 48 18 68 26 74 35
1303 124 28 60 187 8 44 3 78 5
1304 125 0 71 608 4 113 2
1305 67 104 63 329 12 49 4 56 7 124 11
1306 4 148 48 301 4 15 2
1307 31 144 54 494 4 90 2
1308 16 7 73 267 4 19 2
1309 64 95 55 190 27 38 4 70 11 106 18 149 23
1310 49 45 57 500 8 93 3 108 5 170 7
1311 79 21 58 160 11 41 3 47 6 80 8 100 10
1312 65 39 56 61 4 6 2
1313 135 17 59 482 8 9 2 106 4 168 6
1314 147 110 63 229 4 25 2
1315 40 109 52 228 8 30 2 75 5 109 7
1316 149 61 60 220 6 34 2 85 4
1317 11 118 62 235 10 42 3 96 6 131 9
1318 63 86 66 137 33 12 6 18 10 32 13 34 18 68 23 95 31
1319 1 63 52 153 4 12 2
1320 62 68 57 132 4 25 2
1321 82 142 70 144 4 27 2
1322 31 118 59 397 29 8 3 67 6 135 13 213 16 299 19 320 24
1323 76 23 59 202 8 42 3 91 6
1324 103 19 55 168 4 25 2
1325 44 80 65 198 4 4 2
1326 67 5 54 420 4 20 2
1327 27 69 61 338 6 13 2 50 4
1328 37 122 56 75 4 11 2
1329 80 44 64 202 4 17 2
1330 81 85 49 227 4 56 2
1331 141 139 62 33 6 4 2 7 4
1332 77 35 55 588 4 87 2
1333 50 22 61 113 4 22 2
1334 13 126 60 30 4 6 2
1335 6 144 58 135 19 12 3 45 8 78 11 108 15 123 18
1336 130 82 69 297 17 55 5 76 8 142 12 144 16
1337 10 22 58 52 29 6 4 15 10 17 12 28 17 33 24 44 27
1338 107 82 48 263 12 7 2 63 6 98 9 132 11
1339 26 50 75 289 18 45 3 91 5 151 10 184 15
1340 33 61 63 343 5 73 2 88 4
1341 93 119 61 100 20 25 5 33 10 37 16 45 18
1342 67 122 66 519 4 120 2
1343 1 71 59 373 4 65 2
1344 55 49 70 189 17 4 4 43 6 90 9 114 14
1345 141 2 59 63 5 15 2 31 4
1346 3 107 63 103 4 3 2
1347 44 25 64 490 32 75 8 167 13 222 15 305 21 379 27 462 30
1348 4 18 57 104 8 7 2 15 4 28 7
1349 56 105 63 251 10 48 3 86 5 145 8
1350 140 114 54 47 4 8 2
1351 64 144 57 65 14 14 3 23 7 40 10
1352 5 41 66 64 4 12 2
1353 81 107 60 54 4 2 2
1354 28 91 53 112 4 21 2
1355 79 128 57 498 4 84 2
1356 64 28 62 624 5 48 2 104 4
1357 115 98 56 327 4 16 2
1358 139 89 65 121 4 6 2
1359 113 90 56 141 5 28 2 35 4
1360 90 86 73 56 9 8 2 11 4 26 7
1361 111 66 62 317 6 77 2 152 4
1362 59 70 58 134 29 12 7 41 11 44 13 46 17 65 21
1363 69 35 57 159 4 24 2
1364 43 124 63 215 4 53 2
1365 48 79 55 81 4 7 2
1366 121 144 65 525 8 65 2 182 5 277 7
1367 77 70 60 208 4 20 2
1368 53 126 53 615 4 5 2
1369 100 80 60 335 7 60 2 91 4 161 6
1370 46 55 61 310 15 21 3 89 6 125 9 131 12
1371 13 56 67 478 8 76 2 178 4 187 7
1372 47 96 61 235 7 11 2 28 4 34 6
1373 100 11 57 55 4 7 2
1374 116 93 65 193 5 40 2 85 4
1375 114 138 60 551 15 12 2 106 4 236 8 334 11 402 13
1376 83 53 60 101 15 6 3 16 5 34 7 37 9 58 11 73 14
1377 132 127 65 291 9 29 3 62 5 104 8
1378 116 8 62 108 6 22 2 36 4
1379 78 105 64 56 9 8 3 22 5 29 8
1380 48 15 62 195 15 23 3 39 5 63 7 104 10 144 14
1381 82 112 66 103 4 26 2
1382 90 142 56 367 4 36 2
1383 130 146 61 114 12 23 3 40 5 57 8
1384 90 75 54 178 4 24 2
1385 101 107 65 395 4 82 2
1386 75 144 54 64 27 16 2 29 9 33 16 40 18 46 23
1387 65 46 54 76 4 4 2
1388 96 80 55 1369 11 317 2 452 5 608 7 942 9
1389 13 5 63 30 6 2 2 8 4
1390 37 112 53 256 5 34 2 48 4
1391 16 31 68 180 17 31 2 50 5 78 9 82 14
1392 53 55 63 59 4 15 2
1393 38 141 62 516 6 100 2 112 4
1394 99 53 59 86 29 14 8 21 10 32 16 53 23
1395 26 57 55 247 11 33 2 77 5 114 8 116 10
1396 146 74 63 87 31 13 3 26 5 42 10 56 14 75 22
1397 70 74 64 88 5 17 2 33 4
1398 109 74 59 33 4 8 2
1399 75 64 56 129 11 29 2 38 4 51 6 71 9
1400 18 58 58 243 4 50 2
1401 36 79 62 288 20 28 4 85 10 135 16
1402 96 70 60 345 5 38 2 73 4
1403 105 148 62 280 4 46 2
1404 134 98 67 100 13 24 4 39 6 62 10
1405 63 44 65 65 32 16 7 30 11 40 16 50 21 54 26
1406 109 86 63 144 4 6 2
1407 115 0 57 153 4 17 2
1408 108 76 71 121 4 2 2
1409 35 86 58 47 5 10 2 14 4
1410 94 36 54 77 5 6 2 8 4
1411 39 88 58 216 4 11 2
1412 111 116 63 87 5 20 2 26 4
1413 143 112 52 234 8 54 2 92 4 114 6
1414 48 81 63 655 4 56 2
1415 16 119 60 87 15 11 3 32 6 35 9 38 13
1416 17 126 67 265 4 25 2
1417 3 145 71 63 6 4 2 18 4
1418 51 14 69 55 23 13 6 27 8 33 11 42 16 45 18
1419 35 30 62 57 4 13 2
1420 95 75 65 203 10 18 2 41 5 59 8
1421 137 144 54 34 4 2 2
1422 49 83 61 168 15 41 3 62 5 88 7 117 11 158 14
1423 53 147 57 288 4 35 2
1424 94 105 59 335 5 49 2 108 4
1425 114 141 67 63 9 8 2 10 5 25 8
1426 57 47 59 45 4 10 2
1427 11 83 64 310 4 55 2
1428 103 45 57 59 14 15 3 20 5 33 7 39 9 43 12
1429 98 89 61 45 6 7 2 17 4
1430 126 24 56 372 5 74 2 152 4
1431 65 102 65 91 4 8 2
1432 57 6 61 75 4 6 2
1433 37 72 67 396 4 30 2
1434 31 40 67 436 4 48 2
1435 113 105 58 305 4 66 2
1436 76 105 56 152 4 10 2
1437 40 21 62 214 20 38 4 50 8 97 11 115 16 154 19
1438 130 15 48 151 6 6 2 16 4
1439 17 121 63 71 15 11 3 18 6 32 10 41 12
1440 57 17 53 359 4 33 2
1441 39 40 64 131 12 21 3 26 7 37 10
1442 84 138 54 35 4 2 2
1443 111 75 61 74 15 4 4 13 6 15 8 20 11
1444 47 33 61 333 6 30 2 51 4
1445 125 53 64 62 10 13 3 21 5 31 7
1446 41 142 60 90 5 11 2 17 4
1447 137 83 67 88 4 19 2
1448 89 54 60 354 4 82 2
1449 17 89 55 58 4 2 2
1450 4 34 58 152 4 19 2
1451 8 62 55 382 4 68 2
1452 97 43 62 140 6 7 2 21 4
1453 16 78 55 81 4 18 2
1454 121 127 64 143 4 27 2
1455 129 36 58 203 4 10 2
1456 142 21 56 120 7 9 2 34 4 63 6
1457 17 120 60 118 5 6 2 29 4
1458 102 118 66 83 33 13 9 30 13 44 21 48 23 57 29
1459 16 86 62 76 5 8 2 28 4
1460 31 59 60 60 20 5 2 10 6 13 8 22 10 27 13 40 19
1461 149 25 63 82 4 2 2
1462 129 92 57 113 4 6 2
1463 104 36 66 58 13 14 4 28 7 33 9 38 12
1464 35 68 59 129 4 17 2
1465 87 112 66 142 4 12 2
1466 71 115 63 53 12 2 3 12 7 17 9
1467 72 122 67 51 33 6 5 12 13 16 20 20 23 33 27 39 31
1468 147 73 63 111 7 20 2 47 4 60 6
1469 41 148 61 331 20 18 6 77 8 101 12 137 16 174 19
1470 48 53 60 158 4 40 2
1471 20 84 67 652 4 115 2
1472 101 93 64 42 4 11 2
1473 29 54 69 445 4 46 2
1474 118 45 63 130 21 6 6 36 10 63 14 90 16 122 18
1475 88 8 64 660 21 156 4 291 8 349 11 455 14 542 18
1476 105 44 70 79 5 10 2 20 4
1477 96 32 61 138 4 31 2
1478 132 20 61 84 4 5 2
1479 104 77 61 256 7 32 2 66 4 121 6
1480 63 15 61 820 12 34 4 44 6 53 10
1481 133 97 54 86 4 12 2
1482 3 28 62 36 6 3 2 11 4
1483 45 76 62 1052 4 261 2
1484 52 139 62 31 10 7 3 14 5 21 7
1485 77 32 59 600 8 31 2 96 4 206 6
1486 60 87 66 110 5 6 2 14 4
1487 124 103 59 254 14 53 3 105 6 119 8 160 10 168 13
1488 137 15 64 107 32 25 2 34 9 37 11 53 20 76 23
1489 71 29 64 350 4 60 2
1490 45 140 62 156 4 40 2
1491 107 105 54 159 27 7 7 17 10 24 15 29 20 60 23
1492 43 11 54 52 4 2 2
1493 83 45 60 209 8 43 2 72 5
1494 142 72 53 1047 4 147 2
1495 142 17 56 30 5 4 2 12 4
1496 147 121 65 196 4 44 2
1497 85 51 56 293 4 28 2
1498 3 138 64 75 4 15 2
1499 49 124 69 88 34 11 7 29 15 39 23 45 30
1500 103 108 64 478 4 43 2
1501 22 140 62 30 20 5 3 11 8 18 12 26 18
1502 105 25 61 85 5 21 2 31 4
1503 75 92 63 564 9 90 3 215 6 354 8
1504 58 148 62 850 4 161 2
1505 28 54 56 332 28 2 8 6 14 8 19 22 26
1506 32 31 64 173 5 20 2 51 4
1507 132 3 60 271 5 60 2 126 4
1508 101 45 57 750 9 89 2 122 4 257 7
1509 126 91 68 441 4 98 2
1510 56 129 66 167 6 10 2 51 4
1511 136 47 61 514 4 39 2
1512 122 19 62 94 4 16 2
1513 145 71 63 271 4 32 2
1514 61 21 67 585 4 54 2
1515 137 100 68 240 5 30 2 74 4
1516 17 107 56 69 4 5 2
1517 126 71 54 728 4 118 2
1518 34 19 59 299 8 71 2 79 5
1519 106 123 59 154 4 15 2
1520 23 36 66 454 4 22 2
1521 111 34 60 178 4 9 2
1522 121 2 54 150 9 26 2 40 5 76 7
1523 31 21 63 617 4 21 2
1524 4 47 56 145 5 33 2 60 4
1525 131 146 56 132 4 32 2
1526 2 95 71 662 11 28 2 159 4 300 6 345 9
1527 100 125 52 157 4 28 2
1528 5 119 53 88 4 14 2
1529 33 143 58 188 19 6 5 48 8 94 10 122 14 160 18
1530 35 40 56 177 14 9 4 42 8 49 11
1531 52 53 57 64 4 5 2
1532 149 109 68 462 4 75 2
1533 128 31 62 253 20 9 5 60 7 69 12 80 16
1534 102 47 51 397 5 77 2 100 4
1535 103 105 50 45 4 3 2
1536 3 100 64 172 4 43 2
1537 21 28 62 281 7 32 2 72 4 142 6
1538 39 67 55 116 18 22 2 38 4 48 7 53 10 70 13 91 15
1539 99 14 63 333 4 41 2
1540 71 131 71 56 6 14 2 21 4
1541 119 93 68 144 4 15 2
1542 39 93 60 428 4 34 2
1543 67 70 67 305 4 53 2
1544 37 1 50 118 4 19 2
1545 95 28 62 31 20 4 4 7 6 14 8 16 10 18 13 20 17
1546 89 111 60 162 6 24 2 52 4
1547 55 10 55 497 4 51 2
1548 87 18 60 450 6 95 2 191 4
1549 111 97 67 279 13 64 4 66 6 120 9 183 11
1550 20 13 62 43 4 5 2
1551 30 75 68 225 4 27 2
1552 139 54 70 443 5 106 2 212 4
1553 131 115 65 59 4 5 2
1554 49 24 61 205 8 41 3 83 5 85 7
1555 72 21 58 261 4 23 2
1556 72 40 51 107 4 13 2
1557 67 64 58 36 4 6 2
1558 122 132 50 111 4 18 2
1559 88 148 58 292 4 24 2
1560 6 11 70 122 35 9 3 34 10 54 12 73 17 99 24 108 32
1561 57 66 60 150 7 25 2 46 4 80 6
1562 146 142 60 221 4 54 2
1563 58 43 62 63 5 12 2 23 4
1564 132 143 59 139 7 17 2 40 4 59 6
1565 129 78 64 50 10 12 2 18 4 25 7
1566 26 12 53 196 10 19 3 66 6 101 8
1567 32 82 65 200 4 45 2
1568 52 136 72 482 10 8 3 116 6 216 9
1569 63 23 62 234 4 45 2
1570 30 2 71 265 35 67 9 102 14 147 16 201 24 211 26 226 31
1571 87 147 61 307 6 73 2 77 4
1572 112 117 53 48 7 9 2 20 4 24 6
1573 2 93 58 79 4 9 2
1574 56 54 59 757 4 120 2
1575 128 10 65 339 6 46 2 61 4
1576 46 112 58 123 4 14 2
1577 40 53 55 222 5 12 2 25 4
1578 134 146 53 93 4 9 2
1579 65 49 54 345 18 48 4 114 6 182 11 240 14
1580 145 145 64 140 8 31 3 39 5 52 7
1581 101 8 60 306 4 4 2
1582 83 147 61 112 10 21 3 31 5 33 7 48 9
1583 107 143 58 230 4 47 2
1584 118 66 66 234 4 4 2
1585 48 137 63 54 4 9 2
1586 102 89 57 293 4 34 2
1587 66 132 70 322 5 61 2 96 4
1588 137 94 60 866 4 102 2
1589 109 121 64 206 4 44 2
1590 109 106 59 91 4 5 2
1591 83 132 60 120 15 20 3 40 5 52 7 63 9 83 13
1592 100 121 57 54 14 5 4 17 8 22 10 34 12
1593 50 50 75 411 12 40 3 50 6 82 10
1594 50 35 52 221 6 53 2 98 4
1595 121 65 59 110 4 11 2
1596 128 58 52 57 7 5 2 15 4 18 6
1597 138 93 63 258 5 43 2 76 4
1598 72 25 55 172 9 11 3 44 6
1599 87 73 48 371 4 66 2
1600 14 33 64 115 21 27 6 47 11 52 14 67 20
1601 70 98 59 31 14 4 3 9 6 16 8 18 11
1602 5 133 51 129 25 18 7 35 11 68 13 90 17 115 21
1603 144 6 64 489 10 39 3 52 5 159 8
1604 24 66 65 242 4 17 2
1605 142 9 63 266 12 52 3 76 7 132 10
1606 29 70 60 681 4 36 2
1607 124 45 55 41 4 8 2
1608 129 5 60 207 30 3 5 55 7 84 10 98 16 137 24 172 26 206 28
1609 78 14 58 90 19 8 3 25 5 40 8 58 13 80 18
1610 45 58 70 164 11 40 2 82 4 115 7 127 9
1611 117 1 71 36 5 3 2 7 4
1612 130 61 64 207 4 12 2
1613 44 8 63 205 4 6 2
1614 35 48 72 155 36 6 8 40 14 71 16 78 22 108 26 120 34
1615 113 142 70 202 23 39 5 65 9 87 13 97 16 140 22
1616 32 80 67 75 6 19 2 37 4
1617 106 132 62 48 8 5 2 11 5 18 7
1618 124 100 61 1089 4 170 2
1619 104 108 58 61 4 3 2
1620 34 131 68 269 5 27 2 29 4
1621 145 137 44 154 4 10 2
1622 76 54 65 382 4 25 2
1623 53 120 59 134 11 28 2 52 5 61 7 67 10
1624 106 18 52 168 17 17 5 54 8 89 12 109 15
1625 131 113 68 435 4 103 2
1626 130 81 65 194 32 41 5 67 13 72 21 99 26 140 28
1627 5 67 58 1246 8 115 3 285 6
1628 109 92 58 452 4 93 2
1629 0 148 64 344 16 19 4 80 8 148 12
1630 30 20 59 125 8 8 2 32 5
1631 42 61 62 56 4 10 2
1632 44 120 64 148 4 36 2
1633 50 116 61 622 10 17 3 72 5 111 7
1634 2 43 61 250 6 13 2 29 4
1635 53 111 65 30 4 7 2
1636 75 17 52 74 10 19 3 36 5 44 8
1637 78 103 62 126 8 32 2 56 4 70 6
1638 53 44 63 162 4 12 2
1639 52 10 55 133 4 23 2
1640 58 76 59 258 4 56 2
1641 139 13 62 165 4 8 2
1642 146 58 44 161 4 34 2
1643 6 65 68 210 22 23 3 63 6 72 10 78 12 106 17
1644 7 133 66 650 5 47 2 53 4
1645 61 9 60 1479 7 327 2 394 4 631 6
1646 14 7 65 137 4 22 2
1647 0 48 67 83 4 6 2
1648 119 96 59 196 14 39 2 48 5 83 7 104 11
1649 133 122 55 73 9 8 2 17 5 23 8
1650 88 59 62 91 6 9 2 19 4
1651 92 48 71 127 7 5 2 27 4 51 6
1652 74 83 63 45 5 7 2 19 4
1653 104 5 72 95 18 9 3 11 7 26 9 30 14
1654 34 26 65 30 4 5 2
1655 108 42 66 46 4 11 2
1656 5 81 64 76 12 4 2 19 5 27 9
1657 35 6 62 58 4 11 2
1658 90 6 55 382 18 61 5 104 7 114 10 173 14 215 17
1659 35 132 53 350 5 2 2 56 4
1660 70 10 63 348 21 37 5 110 11 143 16 215 18
1661 93 68 51 405 12 58 2 60 6 112 9
1662 68 14 57 93 7 3 2 24 4 45 6
1663 17 50 62 50 4 10 2
1664 138 95 48 391 4 29 2
1665 73 58 58 175 8 2 3 19 5 50 7
1666 80 96 60 86 4 19 2
1667 45 77 67 1305 8 216 2 539 4 857 6
1668 60 17 64 526 8 118 3 179 6
1669 90 106 60 211 4 39 2
1670 68 22 62 208 20 35 4 82 8 119 14 170 17
1671 141 76 66 200 13 38 3 41 7 78 9 119 11
1672 25 131 69 105 4 16 2
1673 33 108 66 114 4 27 2
1674 144 16 65 751 4 118 2
1675 25 29 54 314 6 17 2 80 4
1676 49 13 57 116 14 28 2 42 4 44 6 50 8 56 11 85 13
1677 29 111 62 39 6 9 2 17 4
1678 13 134 68 89 9 22 2 45 5 65 8
1679 40 110 55 671 4 58 2
1680 44 117 55 68 4 6 2
1681 116 86 55 216 27 37 7 69 13 120 16 160 18 204 23 210 26
1682 145 77 49 92 24 16 4 35 8 55 14 69 18 89 20
1683 11 72 48 155 4 35 2
1684 25 108 68 356 4 4 2
1685 37 117 71 106 11 26 3 40 5 45 8
1686 78 71 60 196 5 46 2 76 4
1687 19 21 67 714 4 103 2
1688 147 88 66 641 33 15 3 99 9 244 11 269 16 415 20 495 24 525 28
1689 70 35 62 71 4 5 2
1690 44 12 64 186 4 42 2
1691 28 53 60 184 8 37 3 80 5 84 7
1692 89 7 68 141 6 12 2 19 4
1693 112 25 55 106 4 11 2
1694 127 134 63 75 4 15 2
1695 12 44 66 322 4 55 2
1696 22 99 64 144 4 15 2
1697 69 108 60 394 5 7 2 87 4
1698 108 128 60 117 8 16 2 33 4 48 7
1699 132 2 68 583 22 56 4 147 6 202 8 255 11 322 13 361 17 464 21
1700 134 70 52 200 4 49 2
1701 47 95 65 76 5 20 2 37 4
1702 42 94 63 506 4 51 2
1703 35 95 67 59 9 8 2 21 5 34 7
1704 14 107 62 156 4 24 2
1705 142 112 55 488 4 63 2
1706 119 103 63 425 4 63 2
1707 144 7 76 66 8 16 3 28 6
1708 67 75 59 182 4 26 2
1709 147 134 62 47 12 8 3 18 5 29 8 40 11
1710 47 129 69 140 9 32 3 56 6 58 8
1711 140 129 70 59 4 10 2
1712 28 132 67 452 4 83 2
1713 43 112 56 323 11 30 2 92 4 171 6 244 9
1714 78 98 59 187 4 26 2
1715 92 147 61 291 10 42 2 111 4 121 6 194 8
1716 81 64 65 257 4 26 2
1717 136 138 60 52 4 2 2
1718 42 70 60 182 4 19 2
1719 31 44 68 109 5 15 2 36 4
1720 74 34 50 442 12 19 2 49 5 130 7 207 10
1721 54 105 59 843 4 121 2
1722 52 40 64 175 10 9 3 41 6 55 9
1723 72 12 62 68 4 16 2
1724 32 49 62 120 31 13 3 27 9 35 13 65 19 84 26
1725 50 131 60 131 4 8 2
1726 39 145 59 198 8 8 2 18 5
1727 115 39 66 44 33 3 7 13 10 16 19 23 21 32 30
1728 66 128 59 337 14 83 3 88 5 96 7 100 11
1729 106 122 67 136 9 30 3 39 5 50 7
1730 97 75 66 204 33 27 7 54 15 81 21 111 30
1731 41 107 57 199 4 6 2
1732 73 7 72 47 24 9 4 15 11 20 14 29 19
1733 71 55 59 89 7 4 2 11 4 32 6
1734 65 71 66 358 16 39 4 91 6 108 11 182 15
1735 123 35 59 79 9 13 3 17 6
1736 27 121 67 83 6 17 2 28 4
1737 93 59 60 626 4 28 2
1738 84 63 71 151 4 16 2
1739 31 106 70 216 4 10 2
1740 36 41 66 289 4 56 2
1741 108 94 64 30 9 7 2 14 4 16 6 21 8
1742 75 95 58 239 4 14 2
1743 58 104 52 74 6 15 2 25 4
1744 114 49 70 56 8 4 2 19 4 31 6
1745 104 100 50 113 6 14 2 23 4
1746 29 31 66 287 33 37 4 102 12 115 20 149 24 171 26 209 29
1747 0 29 62 84 12 19 4 36 7 48 10
1748 101 149 65 415 9 89 3 108 5 115 7
1749 123 89 67 319 5 49 2 128 4
1750 64 94 69 1002 4 239 2
1751 60 135 58 140 4 2 2
1752 6 38 63 373 5 7 2 48 4
1753 135 25 65 293 7 68 2 98 4 161 6
1754 31 112 67 42 8 7 2 15 4 22 6
1755 28 35 60 286 30 34 3 48 6 114 8 166 13 192 16 202 18 231 21 256 25
1756 76 85 62 200 8 38 2 51 4 68 7
1757 25 135 65 73 4 5 2
1758 121 93 62 37 4 9 2
1759 127 31 53 680 17 29 4 142 8 197 11 237 16
1760 35 72 63 154 6 28 2 47 4
1761 98 27 69 204 4 48 2
1762 102 72 60 62 4 14 2
1763 43 32 64 241 4 8 2
1764 115 115 55 113 18 26 5 37 10 46 14 72 17
1765 76 3 66 135 4 26 2
1766 93 120 64 88 4 22 2
1767 65 7 60 285 4 21 2
1768 48 118 63 432 5 31 2 71 4
1769 130 102 57 204 4 31 2
1770 52 85 61 198 4 26 2
1771 103 21 59 118 4 3 2
1772 30 136 64 119 7 22 2 47 4 55 6
1773 57 27 69 377 6 82 2 119 4
1774 44 72 53 371 17 32 3 73 8 109 12 155 14
1775 85 140 53 507 26 23 3 68 10 171 17 173 20
1776 52 124 63 170 10 4 3 34 5 69 7
1777 135 54 57 30 9 6 3 10 5 15 7
1778 106 74 61 367 4 56 2
1779 110 79 58 731 8 57 2 121 5
1780 12 74 60 338 15 15 2 31 4 101 6 156 10 207 12
1781 99 2 65 53 32 10 2 12 5 25 14 28 19 41 26 48 29
1782 89 41 61 609 4 25 2
1783 135 135 60 166 4 14 2
1784 139 98 65 236 9 53 2 108 5 131 8
1785 31 91 56 366 4 33 2
1786 138 29 52 322 26 76 3 89 7 152 9 221 16 292 23
1787 142 137 62 364 20 4 3 90 6 105 9 134 14 226 17
1788 122 82 70 133 35 6 9 23 12 31 21 49 28 81 33
1789 122 61 64 32 4 7 2
1790 113 38 65 192 10 7 3 50 6 95 8
1791 91 35 68 254 34 25 2 75 8 95 10 157 19 204 25
1792 114 142 60 92 4 12 2
1793 33 18 67 89 5 22 2 25 4
1794 127 46 53 351 26 58 6 108 8 182 11 267 16 333 22
1795 94 74 64 328 4 75 2
1796 1 54 57 106 28 26 2 53 5 79 9 87 14 93 20 101 24
1797 14 46 61 94 5 8 2 24 4
1798 37 54 54 46 27 4 5 14 8 19 15 24 21
1799 38 142 60 222 15 16 3 23 7 42 10 72 13
1800 60 15 64 654 21 73 6 219 10 222 13 283 18
1801 10 95 59 98 9 7 3 11 5 24 7
1802 144 125 53 71 4 4 2
1803 0 62 50 30 5 2 2 9 4
1804 133 139 62 955 4 163 2
1805 137 132 68 32 4 8 2
1806 54 113 67 236 13 36 4 40 8 62 12
1807 100 7 60 103 4 26 2
1808 86 63 61 285 4 31 2
1809 127 85 59 252 19 29 2 53 4 62 8 74 10 86 14 104 16
1810 129 109 60 110 20 19 6 44 11 56 14 59 19
1811 144 72 59 167 5 15 2 25 4
1812 35 97 54 31 18 2 2 7 7 11 11 18 13 20 17
1813 143 133 59 370 29 62 4 148 8 170 10 252 14 274 19 279 22 297 27
1814 118 13 62 111 7 17 2 26 4 40 6
1815 99 149 63 68 7 13 2 31 4 44 6
1816 69 95 67 190 7 40 2 50 4 89 6
1817 112 125 70 130 4 28 2
1818 147 149 63 37 4 3 2
1819 61 2 62 272 20 21 2 79 4 134 10 150 13 193 18
1820 137 23 66 238 4 44 2
1821 43 8 53 136 26 19 3 28 6 31 9 48 14 57 18 71 25
1822 54 24 75 68 9 5 3 20 6 34 8
1823 48 34 63 240 9 50 2 73 4 76 6
1824 110 65 71 136 11 19 3 41 5 61 8 85 10
1825 113 19 61 241 4 60 2
1826 35 136 68 176 22 44 6 86 9 111 13 136 18
1827 132 140 63 177 6 40 2 62 4
1828 113 32 62 278 4 57 2
1829 100 98 55 521 6 15 2 70 4
1830 115 28 53 604 4 55 2
1831 11 41 59 148 14 31 2 44 5 78 7 114 9 141 13
1832 21 125 65 187 10 44 2 54 4 79 6 83 9
1833 86 42 52 171 8 39 3 55 6
1834 96 143 61 618 4 3 2
1835 113 91 72 64 4 7 2
1836 52 69 61 156 4 28 2
1837 65 3 56 78 8 12 2 30 4 50 7
1838 133 19 50 108 4 9 2
1839 108 134 66 365 4 19 2
1840 65 133 60 613 4 110 2
1841 31 71 63 82 4 3 2
1842 138 32 56 250 9 16 2 30 5 44 8
1843 73 60 51 37 4 9 2
1844 123 66 68 102 13 8 4 18 7 33 10
1845 125 110 70 1750 6 336 2 546 4
1846 5 40 72 110 4 9 2
1847 61 3 64 66 9 8 3 25 6 35 8
1848 145 35 61 30 4 7 2
1849 46 20 70 374 4 82 2
1850 58 119 56 1041 4 152 2
1851 98 85 59 134 4 10 2
1852 107 73 58 81 4 11 2
1853 105 143 66 82 5 13 2 31 4
1854 26 137 65 111 4 15 2
1855 135 71 60 179 4 24 2
1856 126 138 61 87 4 10 2
1857 39 60 59 82 14 10 3 31 6 33 8 36 12
1858 111 26 66 203 4 8 2
1859 146 118 59 478 4 55 2
1860 96 144 63 443 9 87 2 133 5 203 8
1861 73 88 66 70 4 16 2
1862 122 79 53 138 4 22 2
1863 20 143 67 201 13 32 4 36 6 41 10
1864 72 120 61 302 4 27 2
1865 84 103 60 151 10 21 3 34 6 63 9
1866 23 83 62 323 5 27 2 68 4
1867 94 50 56 798 4 144 2
1868 38 0 65 117 4 9 2
1869 147 15 66 337 4 67 2
1870 23 10 54 272 4 44 2
1871 108 106 60 93 4 5 2
1872 67 56 56 73 4 12 2
1873 21 36 69 405 4 51 2
1874 77 107 59 42 5 4 2 11 4
1875 31 90 68 131 4 26 2
1876 13 124 52 45 4 12 2
1877 45 73 62 290 15 36 2 71 5 75 7 132 9 156 13
1878 128 54 75 54 4 6 2
1879 143 89 61 64 4 5 2
1880 67 4 65 104 7 2 2 7 4 13 6
1881 82 37 69 155 5 12 2 39 4
1882 112 127 59 30 19 6 4 10 9 15 11 19 14 27 16
1883 100 12 62 71 4 10 2
1884 84 20 60 176 30 18 2 49 6 71 13 95 20 103 25 114 27
1885 11 88 60 732 4 67 2
1886 78 125 62 117 4 27 2
1887 138 85 59 44 29 11 3 23 8 25 14 31 18 33 20
1888 112 101 61 36 4 4 2
1889 0 106 60 67 4 15 2
1890 54 82 54 586 7 104 2 113 4 210 6
1891 58 112 61 63 4 15 2
1892 19 27 49 385 4 72 2
1893 59 72 59 276 14 16 4 67 8 120 11 133 13
1894 116 136 55 94 4 22 2
1895 7 63 60 474 4 28 2
1896 87 87 73 205 4 40 2
1897 40 13 57 1319 5 143 2 199 4
1898 30 46 63 104 4 26 2
1899 39 149 55 369 6 38 2 109 4
1900 21 94 55 210 7 47 2 97 4 133 6
1901 9 137 61 308 7 4 2 50 4 110 6
1902 20 75 60 55 6 14 2 18 4
1903 15 113 65 134 5 9 2 11 4
1904 50 13 55 187 6 9 2 42 4
1905 1 58 62 184 31 43 7 67 12 111 15 137 17 146 22 154 24
1906 21 49 61 453 5 97 2 148 4
1907 6 91 66 192 4 3 2
1908 0 37 66 295 4 51 2
1909 36 0 60 159 10 31 3 48 6 57 8
1910 9 109 66 97 4 2 2
1911 6 28 64 689 4 122 2
1912 40 118 61 1099 4 273 2
1913 66 45 57 95 4 19 2
1914 16 33 66 51 4 5 2
1915 143 79 62 73 5 4 2 23 4
1916 22 68 48 467 4 110 2
1917 16 76 52 256 4 51 2
1918 109 140 58 38 4 10 2
1919 91 36 52 616 4 135 2
1920 149 66 64 81 6 17 2 30 4
1921 12 36 60 353 5 89 2 93 4
1922 12 48 64 101 16 15 3 38 8 46 12 61 15
1923 148 104 48 57 4 4 2
1924 123 97 68 313 4 5 2
1925 121 119 60 120 4 11 2
1926 49 132 58 463 14 107 3 193 6 232 10 277 12
1927 99 70 60 292 30 38 4 110 11 161 15 216 23 232 27
1928 97 30 59 33 4 9 2
1929 36 21 59 37 8 6 3 8 5
1930 90 103 59 680 4 162 2
1931 129 41 62 184 4 42 2
1932 25 130 56 38 18 10 5 13 8 16 11 22 15
1933 147 80 59 34 5 4 2 7 4
1934 127 25 60 245 7 55 2 90 4 114 6
1935 61 53 55 692 4 11 2
1936 97 27 59 618 4 33 2
1937 23 70 64 456 4 24 2
1938 147 57 52 60 5 15 2 18 4
1939 52 49 68 115 4 9 2
1940 84 80 68 30 4 5 2
1941 88 30 69 430 4 4 2
1942 122 59 50 472 4 16 2
1943 137 119 53 261 5 24 2 32 4
1944 50 147 67 355 7 59 2 143 4 226 6
1945 12 147 56 108 4 23 2
1946 28 76 63 147 4 5 2
1947 52 88 60 109 15 4 3 31 6 33 9 46 13
1948 123 122 55 237 4 33 2
1949 143 103 48 73 9 19 3 28 6
1950 87 92 59 88 11 18 3 24 6 41 8 56 10
1951 126 142 58 53 4 5 2
1952 34 91 58 260 4 29 2
1953 16 51 65 259 13 48 2 67 5 88 7 149 10
1954 140 52 58 212 4 10 2
1955 56 56 59 157 19 35 3 42 6 79 11 87 14 91 17
1956 95 98 63 36 4 8 2
1957 24 141 71 110 4 11 2
1958 113 101 66 248 6 12 2 58 4
1959 24 138 69 199 7 2 2 46 4 50 6
1960 22 67 60 89 4 12 2
1961 22 72 62 109 4 18 2
1962 45 115 61 257 12 10 3 54 6 112 8 160 10
1963 50 72 56 639 4 124 2
1964 2 9 56 128 7 7 2 14 4 38 6
1965 62 135 61 213 30 31 4 51 12 101 17 108 22 125 29
1966 119 36 59 851 4 88 2
1967 8 77 62 229 4 55 2
1968 20 89 72 285 4 54 2
1969 25 40 65 240 4 46 2
1970 53 50 67 30 6 7 2 15 4
1971 45 104 67 136 4 34 2
1972 14 18 66 44 4 3 2
1973 93 32 65 52 4 11 2
1974 15 2 58 103 14 20 4 42 7 62 11
1975 56 137 63 278 4 44 2
1976 87 35 54 181 4 36 2
1977 40 84 66 112 4 21 2
1978 66 112 58 429 4 105 2
1979 68 31 70 45 4 6 2
1980 0 61 48 706 6 137 2 206 4
1981 2 25 66 320 4 69 2
1982 141 8 67 72 8 15 3 33 6
1983 1 148 61 526 4 116 2
1984 35 32 56 30 5 5 2 12 4
1985 117 65 65 81 4 3 2
1986 17 93 64 72 32 17 6 26 14 38 18 40 24 52 31
1987 50 122 63 715 4 118 2
1988 71 24 56 104 8 19 3 31 6
1989 81 21 71 138 4 12 2
1990 101 0 60 272 6 65 2 117 4
1991 0 81 58 328 4 32 2
1992 113 66 62 128 20 14 5 30 10 46 16 57 18
1993 16 112 71 731 4 36 2
1994 23 61 61 703 4 168 2
1995 28 10 48 62 4 4 2
1996 147 144 53 148 6 24 2 43 4
1997 92 115 67 75 11 11 3 29 5 33 8
1998 15 59 60 60 15 2 4 7 8 11 11 24 13
1999 39 137 61 289 5 61 2 75 4
2000 134 129 58 98 4 17 2
2001 118 137 58 334 14 41 3 85 5 92 7 107 10 164 12
2002 108 90 66 135 13 34 2 62 4 69 8 74 12
2003 127 82 57 217 4 49 2
2004 43 87 66 30 8 6 2 12 4 20 7
2005 36 84 54 539 10 89 2 116 4 191 6 255 8
2006 73 61 61 126 6 21 2 25 4
2007 24 75 63 119 7 6 2 16 4 29 6
2008 130 99 58 208 4 19 2
2009 132 86 68 857 6 181 2 373 4
2010 70 134 50 477 12 75 2 171 4 213 8
2011 123 132 63 70 4 3 2
2012 66 102 52 566 4 25 2
2013 120 123 56 131 28 19 5 27 10 52 16 79 21
2014 35 52 53 102 5 26 2 39 4
2015 142 6 53 45 6 2 2 5 4
2016 40 86 62 244 4 52 2
2017 21 58 68 818 4 142 2
2018 119 125 63 401 12 29 3 74 7 124 11
2019 119 38 61 223 4 38 2
2020 49 104 63 508 31 11 2 111 7 133 9 255 12 322 17 436 21
2021 65 73 56 115 14 8 3 26 7 47 11
2022 32 61 71 341 23 31 3 70 8 96 14 135 17 149 22
2023 48 60 63 175 4 27 2
2024 51 77 64 185 7 13 2 36 4 55 6
2025 122 60 61 278 4 37 2
2026 65 47 57 92 4 10 2
2027 1 11 64 433 4 41 2
2028 70 83 62 292 12 54 3 95 7 153 11
2029 102 137 58 42 4 6 2
2030 88 84 63 75 4 6 2
2031 130 132 69 75 5 18 2 32 4
2032 79 43 61 30 4 3 2
2033 128 102 68 264 6 10 2 71 4
2034 0 94 55 325 4 78 2
2035 116 37 62 208 15 21 3 74 5 99 9 129 11 157 13
2036 9 59 59 111 4 20 2
2037 67 67 66 216 16 37 4 57 7 112 12
2038 113 13 73 51 12 10 3 16 7 19 10
2039 13 138 61 130 4 26 2
2040 68 148 50 337 4 39 2
2041 122 0 62 292 4 4 2
2042 19 53 63 251 4 40 2
2043 31 8 63 138 12 5 2 38 5 45 8
2044 61 80 59 149 14 35 4 69 7 106 10 138 13
2045 84 0 56 484 7 39 2 136 4 251 6
2046 83 96 59 459 14 66 4 151 7 230 11
2047 58 121 62 1262 4 151 2
2048 137 1 59 51 4 3 2
2049 38 116 58 289 4 43 2
2050 65 28 55 258 4 38 2
2051 130 68 61 126 4 19 2
2052 79 28 67 178 4 39 2
2053 44 45 65 145 32 30 8 49 12 86 18 122 22
2054 111 118 62 409 6 26 2 89 4
2055 137 70 66 41 4 7 2
2056 1 37 55 118 18 6 3 24 7 26 12 53 14
2057 48 149 69 136 23 12 6 32 11 38 17 61 22
2058 103 83 58 77 4 14 2
2059 54 16 59 66 29 9 5 11 11 13 13 15 21
2060 128 20 62 82 5 4 2 9 4
2061 34 147 54 79 4 13 2
2062 146 36 64 157 4 30 2
2063 8 10 74 238 4 39 2
2064 109 115 63 1124 4 8 2
2065 72 99 56 30 4 7 2
2066 95 140 63 61 31 14 2 27 10 36 16 49 19
2067 141 116 62 39 8 10 2 12 4 18 7
2068 65 22 67 180 11 42 2 81 5 83 8 97 10
2069 48 2 66 1587 4 224 2
2070 38 96 60 41 4 6 2
2071 51 32 59 83 29 21 4 39 12 50 20 64 27
2072 49 41 59 122 8 5 2 17 5
2073 11 135 63 82 4 5 2
2074 134 56 61 481 10 42 2 117 5 221 8
2075 64 110 68 412 4 5 2
2076 31 122 50 49 4 3 2
2077 36 143 58 590 5 60 2 118 4
2078 86 14 65 60 16 3 2 8 4 15 9 26 11
2079 122 47 64 139 12 18 2 45 5 54 7 75 10
2080 54 0 64 412 4 29 2
2081 103 125 67 240 4 31 2
2082 109 111 52 124 4 15 2
2083 72 81 66 370 5 73 2 117 4
2084 38 148 59 194 4 2 2
2085 82 65 51 160 4 20 2
2086 1 30 54 86 18 9 2 22 5 27 9 41 13 60 17
2087 144 89 58 38 29 2 3 7 5 16 12 23 15 31 21 33 26
2088 137 131 67 107 33 12 2 32 5 56 14 73 22 99 31
2089 23 138 68 219 4 45 2
2090 43 38 64 322 12 24 2 61 4 105 8
2091 124 142 56 43 4 7 2
2092 94 84 61 495 5 41 2 159 4
2093 1 18 59 70 5 8 2 20 4
2094 34 87 59 120 9 21 2 28 4 53 6 73 8
2095 66 77 63 860 10 7 2 126 4 227 7
2096 14 135 58 150 29 9 5 45 12 74 15 109 20 123 26
2097 43 18 68 148 11 18 3 49 6 62 8 72 10
2098 104 57 62 236 4 40 2
2099 98 134 58 432 4 52 2
2100 73 39 56 50 5 9 2 11 4
2101 96 90 60 412 6 25 2 88 4
2102 39 100 64 246 21 59 6 62 11 67 15 81 17 112 20
2103 18 98 57 215 4 49 2
2104 114 8 66 185 33 23 8 28 10 41 19 63 25 66 32
2105 73 68 60 68 12 10 3 27 7 45 10
2106 65 82 59 93 4 2 2
2107 106 111 66 367 5 57 2 146 4
2108 109 46 49 44 4 10 2
2109 18 62 60 800 5 143 2 330 4
2110 37 47 63 73 5 12 2 27 4
2111 65 31 56 158 5 27 2 54 4
2112 84 129 60 136 30 26 2 32 7 60 14 63 22 66 24 97 27
2113 5 78 66 56 9 8 3 16 5 27 7
2114 139 79 51 172 17 25 4 41 9 68 13 90 15
2115 103 32 53 659 10 152 2 266 5 344 8
2116 48 108 58 375 4 14 2
2117 39 31 74 746 10 65 2 68 5 197 8
2118 21 92 57 120 19 9 3 27 7 52 12 74 14 98 16
2119 132 101 66 30 4 6 2
2120 11 12 69 111 13 10 3 35 7 60 11
2121 119 6 59 386 4 39 2
2122 135 1 56 228 18 10 4 37 7 76 12 84 14 100 17
2123 84 83 54 326 6 12 2 79 4
2124 71 7 56 194 14 15 2 20 6 30 9 75 12
2125 97 78 65 96 4 10 2
2126 104 135 65 423 9 83 3 85 6
2127 46 22 62 100 4 18 2
2128 62 54 57 161 4 13 2
2129 1 97 70 381 10 48 2 96 4 145 6 235 9
2130 22 128 65 269 4 18 2
2131 138 77 58 243 4 15 2
2132 4 0 56 69 5 17 2 32 4
2133 38 77 63 333 4 63 2
2134 1 85 51 571 4 28 2
2135 8 74 57 94 4 12 2
2136 42 141 62 44 8 2 2 7 5 9 7
2137 25 15 67 191 4 41 2
2138 40 111 63 202 10 11 3 62 5 108 8
2139 10 143 59 182 8 19 3 48 5 94 7
2140 99 68 69 120 6 18 2 34 4
2141 111 121 57 399 4 4 2
2142 49 120 67 521 4 34 2
2143 109 29 61 302 4 34 2
2144 133 148 59 269 29 37 7 92 12 150 18 181 22 233 26
2145 137 47 67 111 16 26 5 51 9 59 11 79 15
2146 38 51 57 270 4 26 2
2147 20 41 55 103 4 17 2
2148 88 31 58 34 9 4 3 7 6
2149 110 41 65 281 9 55 3 85 5 117 7
2150 42 123 62 248 5 7 2 64 4
2151 96 31 54 236 5 35 2 69 4
2152 96 111 64 332 8 75 2 140 4 166 7
2153 36 81 60 269 30 30 6 94 13 134 15 193 21 211 29
2154 74 138 59 489 8 115 3 159 5
2155 101 5 62 236 6 54 2 93 4
2156 135 111 72 87 4 18 2
2157 127 102 55 57 11 14 2 25 4 30 6 43 8 48 10
2158 36 92 60 66 30 8 8 14 16 19 19 26 27
2159 65 45 55 199 4 21 2
2160 122 22 63 42 5 4 2 15 4
2161 11 149 53 654 8 53 2 182 5
2162 23 103 61 389 4 61 2
2163 25 104 64 176 4 43 2
2164 4 89 55 510 4 61 2
2165 57 23 62 225 7 19 2 40 4 54 6
2166 106 64 59 31 4 6 2
2167 124 3 66 135 16 24 4 39 6 72 10 77 15
2168 73 143 67 36 4 6 2
2169 123 59 58 992 4 77 2
2170 68 76 65 78 9 6 3 19 6 25 8
2171 125 69 63 588 4 40 2
2172 86 98 72 41 4 6 2
2173 74 94 67 179 33 34 8 58 11 72 14 100 20 132 29 175 32
2174 93 29 54 294 9 71 2 115 4 123 6
2175 52 66 60 304 4 72 2
2176 99 98 59 173 5 19 2 57 4
2177 48 46 69 55 4 11 2
2178 89 73 64 34 4 7 2
2179 94 49 57 282 4 13 2
2180 11 123 71 133 4 13 2
2181 83 113 60 453 12 8 3 47 7 87 9 99 11
2182 94 58 55 206 4 39 2
2183 116 18 63 44 4 11 2
2184 149 40 69 285 4 59 2
2185 86 76 64 162 12 40 4 45 6 64 9
2186 51 116 60 508 4 65 2
2187 120 24 55 273 4 45 2
2188 87 119 72 417 4 91 2
2189 14 66 65 179 8 19 3 33 6
2190 128 142 62 196 4 6 2
2191 98 86 54 296 4 29 2
2192 72 124 66 181 16 32 2 70 4 92 7 100 12
2193 49 52 60 74 4 4 2
2194 134 139 58 944 6 122 2 257 4
2195 124 121 64 462 12 8 4 57 6 79 8 189 11
2196 78 54 64 129 21 3 2 26 8 53 13 72 19
2197 51 51 63 273 31 2 8 23 10 62 17 104 20 124 24 191 26 211 28
2198 140 112 62 242 10 52 3 56 6 64 9
2199 71 145 56 170 28 36 7 70 12 84 14 102 19 110 22
2200 82 89 57 143 19 11 4 28 9 52 12 61 15
2201 58 66 59 104 29 25 3 28 10 43 18 51 22 71 25
2202 82 11 59 49 4 5 2
2203 145 44 62 82 6 3 2 21 4
2204 58 26 55 133 6 29 2 48 4
2205 29 32 66 500 6 22 2 39 4
2206 118 71 57 105 4 19 2
2207 69 56 60 202 12 6 3 16 5 66 9
2208 46 94 70 542 4 42 2
2209 117 53 61 369 30 18 2 36 5 76 8 92 12 168 15 235 21 240 28
2210 65 113 57 82 5 11 2 18 4
2211 146 21 67 50 22 2 2 13 6 25 9 30 15 41 19
2212 29 90 60 723 4 158 2
2213 134 20 63 267 9 26 3 53 5 74 8
2214 13 92 56 357 4 3 2
2215 78 79 53 42 26 3 7 7 10 16 12 19 18 25 20 33 24
2216 19 97 61 175 30 10 2 43 4 77 8 80 14 103 17 119 19 134 24
2217 3 88 66 530 6 72 2 131 4
2218 125 111 68 291 4 39 2
2219 118 61 65 458 10 26 2 122 4 143 7 156 9
2220 96 56 56 488 9 89 3 107 6 213 8
2221 7 41 67 1463 6 161 2 218 4
2222 10 37 62 137 4 26 2
2223 81 142 54 156 4 18 2
2224 39 25 65 244 4 40 2
2225 3 104 63 1005 7 79 2 288 4 329 6
2226 26 138 61 64 30 4 8 7 10 9 13 16 20 20 25
2227 55 119 67 748 16 104 4 232 8 258 10 277 13
2228 103 42 70 110 17 7 5 30 9 47 14
2229 15 64 64 113 5 29 2 31 4
2230 8 52 61 322 12 40 4 117 6 120 8 125 11
2231 81 136 68 322 11 39 3 112 5 179 8 207 10
2232 148 117 60 238 4 57 2
2233 67 42 61 450 15 92 4 116 7 209 11 298 13
2234 7 43 47 324 4 53 2
2235 5 96 59 449 19 26 3 85 5 159 10 264 12 352 17
2236 19 12 61 403 4 82 2
2237 41 2 54 487 4 109 2
2238 124 23 69 61 4 6 2
2239 132 0 51 245 4 19 2
2240 147 48 59 622 4 101 2
2241 129 115 55 295 4 41 2
2242 67 35 62 113 6 22 2 47 4
2243 89 2 67 79 4 3 2
2244 87 59 66 309 4 30 2
2245 97 42 66 45 6 6 2 11 4
2246 40 68 58 73 4 4 2
2247 15 78 62 51 7 11 2 16 4 21 6
2248 109 118 59 434 4 67 2
2249 49 49 63 121 31 11 4 17 10 44 16 53 20 73 25
2250 111 85 56 72 4 3 2
2251 91 67 75 43 4 6 2
2252 105 74 54 334 6 50 2 120 4
2253 72 5 70 587 4 70 2
2254 76 91 65 701 4 94 2
2255 104 111 51 83 4 4 2
2256 47 105 59 229 14 30 4 68 6 77 8 90 11 140 13
