0 0 1 400 1600 75 434 13 786 28 1160 50 1545 73
1 1 0 400 1600 75 437 18 772 32 1187 48 1535 73
2 1 2 400 1600 75 409 20 764 32 1229 54 1523 73
3 2 1 400 1600 75 358 13 762 35 1159 46 1512 71
4 2 3 400 1600 75 445 13 819 27 1233 51 1510 67
5 3 2 400 1600 75 384 17 816 34 1209 47 1564 67
6 3 4 400 1600 75 353 14 811 35 1169 52 1568 64
7 4 3 400 1600 75 358 14 830 32 1222 45 1513 69
8 4 5 400 1600 75 415 10 821 34 1239 51 1519 74
9 5 4 400 1600 75 355 10 809 34 1161 45 1519 66
10 5 6 400 1600 75 378 15 779 28 1242 54 1511 73
11 6 5 400 1600 75 351 19 800 28 1157 51 1473 74
12 6 7 400 1600 75 387 13 836 26 1169 53 1484 71
13 7 6 400 1600 75 365 15 805 35 1243 47 1543 69
14 7 0 400 1600 75 430 11 850 31 1244 53 1472 72
15 0 7 400 1600 75 377 19 783 26 1228 52 1543 74
16 8 13 40 60 20 23 7 35 9
17 13 8 40 60 20 20 8 37 9
18 13 18 40 80 25 40 4 58 13
19 18 13 40 60 20 19 10 35 15
20 18 23 40 40 12 18 3
21 23 18 40 80 25 44 9 55 16
22 23 28 40 80 25 41 3 63 15
23 28 23 40 80 25 38 6 61 10
24 9 14 40 80 25 35 5 58 10
25 14 9 40 80 25 35 9 65 18
26 14 19 40 80 25 41 7 58 16
27 19 14 40 80 25 39 1 58 15
28 19 24 40 40 12 16 4
29 24 19 40 80 25 43 2 55 15
30 24 29 40 60 20 22 8 44 9
31 29 24 40 60 20 23 8 36 14
32 10 15 40 100 35 43 13 69 15
33 15 10 40 100 35 43 7 73 18
34 15 20 40 100 35 52 11 76 22
35 20 15 40 100 35 52 13 72 19
36 20 25 40 100 35 51 10 70 23
37 25 20 40 100 35 50 15 68 17
38 25 30 40 100 35 49 12 70 18
39 30 25 40 100 35 43 12 71 22
40 11 16 40 80 25 39 5 63 18
41 16 11 40 40 12 21 3
42 16 21 40 60 20 24 2 36 14
43 21 16 40 60 20 21 6 38 7
44 21 26 40 80 25 42 6 58 17
45 26 21 40 60 20 19 10 42 11
46 26 31 40 60 20 20 7 38 8
47 31 26 40 80 25 38 9 55 11
48 12 17 40 60 20 22 7 35 8
49 17 12 40 80 25 39 9 59 13
50 17 22 40 80 25 35 9 62 13
51 22 17 40 60 20 18 4 35 7
52 22 27 40 60 20 23 7 38 8
53 27 22 40 80 25
54 27 32 40 80 25 44 6 60 15
55 32 27 40 80 25 37 10 58 16
56 8 9 40 60 20 20 8 37 14
57 9 8 40 40 12 23 5
58 9 10 40 80 25
59 10 9 40 60 20 19 8 43 9
60 10 11 40 40 12 20 3
61 11 10 40 60 20 17 7 37 8
62 11 12 40 60 20 19 1 40 7
63 12 11 40 80 25 41 10 58 20
64 13 14 40 60 20 19 9 36 11
65 14 13 40 80 25 42 9 61 18
66 14 15 40 60 20 19 4 43 10
67 15 14 40 60 20 17 7 44 13
68 15 16 40 60 20 16 9 35 11
69 16 15 40 80 25 40 2 60 20
70 16 17 40 80 25 42 1 55 17
71 17 16 40 60 20 16 4 40 5
72 18 19 40 100 35 46 15 69 21
73 19 18 40 100 35 43 11 67 24
74 19 20 40 100 35 49 14 69 17
75 20 19 40 100 35 47 9 70 19
76 20 21 40 100 35 51 14 74 20
77 21 20 40 100 35 43 11 74 15
78 21 22 40 100 35 52 7 75 21
79 22 21 40 100 35 47 6 70 22
80 23 24 40 80 25 35 6 57 16
81 24 23 40 40 12 23 4
82 24 25 40 80 25 39 10 63 17
83 25 24 40 60 20 19 6 41 14
84 25 26 40 80 25
85 26 25 40 60 20 19 6 44 11
86 26 27 40 60 20 16 5 41 14
87 27 26 40 40 12 21 10
88 28 29 40 80 25 42 3 57 20
89 29 28 40 40 12 17 5
90 29 30 40 60 20 21 10 43 11
91 30 29 40 40 12 20 9
92 30 31 40 40 12 18 7
93 31 30 40 80 25
94 31 32 40 80 25
95 32 31 40 60 20 18 4 36 15
96 38 33 48 48 12 28 3
97 43 38 48 120 35 53 14 82 21
98 48 43 48 120 35 54 12 80 22
99 53 48 48 72 20 29 4 49 13
100 34 39 48 72 20 18 1 47 5
101 39 44 48 72 20 28 7 42 15
102 44 49 48 120 35 62 12 88 15
103 49 54 48 96 25 43 3 66 14
104 35 40 48 144 55 50 16 127 41
105 40 35 48 144 55 51 25 127 43
106 40 45 48 144 55 53 18 121 40
107 45 40 48 144 55 42 24 130 39
108 45 50 48 144 55 50 19 119 36
109 50 45 48 144 55 53 15 120 42
110 50 55 48 144 55 50 23 129 37
111 55 50 48 144 55 42 24 120 44
112 41 36 48 120 35 52 6 91 23
113 46 41 48 72 20 22 5 53 9
114 51 46 48 120 35 63 13 90 16
115 56 51 48 96 25 47 7 70 20
116 37 42 48 120 35 54 13 92 25
117 42 47 48 120 35 58 6 88 17
118 47 52 48 120 35 54 5 90 21
119 52 57 48 96 25 50 7 70 18
120 33 34 48 120 35 52 12 84 24
121 34 35 48 96 25 45 9 71 16
122 35 36 48 120 35 58 11 87 23
123 36 37 48 120 35 61 14 90 17
124 39 38 48 120 35 60 12 85 16
125 40 39 48 48 12 24 6
126 41 40 48 120 35 54 8 87 18
127 42 41 48 120 35 60 6 84 15
128 43 44 48 144 55 47 24 128 37
129 44 43 48 144 55 49 22 125 39
130 44 45 48 144 55 54 19 128 39
131 45 44 48 144 55 51 16 128 39
132 45 46 48 144 55 52 22 119 37
133 46 45 48 144 55 43 20 124 44
134 46 47 48 144 55 50 15 128 37
135 47 46 48 144 55 43 17 130 44
136 48 49 48 72 20 25 8 51 9
137 49 50 48 120 35 53 5 88 18
138 50 51 48 120 35 52 13 81 25
139 51 52 48 96 25 50 8 76 20
140 54 53 48 120 35 60 8 91 15
141 55 54 48 96 25 51 6 77 11
142 56 55 48 120 35 53 14 87 18
143 57 56 48 120 35 58 9 82 24
144 58 63 40 40 12 21 1
145 63 58 40 80 25 43 4 64 18
146 63 68 40 80 25 41 10 61 11
147 68 63 40 60 20 18 1 37 6
148 68 73 40 80 25 44 9 61 16
149 73 68 40 80 25 40 9 55 15
150 73 78 40 80 25 40 3 60 20
151 78 73 40 80 25 43 2 55 18
152 59 64 40 80 25 42 3 61 20
153 64 59 40 80 25 37 7 59 12
154 64 69 40 40 12 15 1
155 69 64 40 60 20 17 3 42 12
156 69 74 40 60 20 19 9 39 11
157 74 69 40 80 25 44 10 56 14
158 74 79 40 80 25
159 79 74 40 60 20 17 1 35 6
160 60 65 40 100 35 43 9 71 20
161 65 60 40 100 35 52 15 76 25
162 65 70 40 100 35 51 9 68 15
163 70 65 40 100 35 52 14 71 24
164 70 75 40 100 35 46 5 74 23
165 75 70 40 100 35 43 11 76 18
166 75 80 40 100 35 52 7 73 20
167 80 75 40 100 35 47 5 75 25
168 61 66 40 60 20 18 9 42 11
169 66 61 40 60 20 17 1 38 12
170 66 71 40 80 25 44 2 62 20
171 71 66 40 40 12 22 3
172 71 76 40 80 25 40 2 58 20
173 76 71 40 80 25 41 10 63 15
174 76 81 40 80 25 40 1 59 16
175 81 76 40 80 25 38 1 58 10
176 62 67 40 60 20 15 10 43 11
177 67 62 40 80 25 38 4 59 17
178 67 72 40 80 25 43 5 59 14
179 72 67 40 60 20 24 9 38 13
180 72 77 40 40 12 20 5
181 77 72 40 80 25 38 7 59 10
182 77 82 40 40 12 20 3
183 82 77 40 60 20 20 9 39 10
184 58 59 40 60 20 19 1 43 13
185 59 58 40 80 25 37 9 60 12
186 59 60 40 60 20 19 10 44 12
187 60 59 40 40 12 16 6
188 60 61 40 80 25 39 3 63 14
189 61 60 40 40 12 22 1
190 61 62 40 80 25 43 4 61 11
191 62 61 40 60 20 23 7 41 8
192 63 64 40 80 25 42 9 55 13
193 64 63 40 80 25 40 5 58 17
194 64 65 40 80 25 37 7 61 20
195 65 64 40 40 12 15 6
196 65 66 40 60 20 17 7 37 11
197 66 65 40 60 20 19 2 43 13
198 66 67 40 60 20 21 9 38 14
199 67 66 40 80 25 41 3 62 11
200 68 69 40 100 35 46 14 74 21
201 69 68 40 100 35 47 13 76 25
202 69 70 40 100 35 47 14 71 25
203 70 69 40 100 35 45 5 70 18
204 70 71 40 100 35 51 8 72 19
205 71 70 40 100 35 47 11 69 21
206 71 72 40 100 35 49 6 69 16
207 72 71 40 100 35 43 12 76 18
208 73 74 40 80 25
209 74 73 40 60 20 18 7 38 8
210 74 75 40 80 25 44 9 56 11
211 75 74 40 60 20 20 3 42 6
212 75 76 40 80 25
213 76 75 40 80 25 38 5 57 19
214 76 77 40 60 20 17 6 41 11
215 77 76 40 60 20
216 78 79 40 60 20 21 5 40 12
217 79 78 40 60 20 24 10 44 11
218 79 80 40 80 25 38 5 55 13
219 80 79 40 60 20 21 6 44 7
220 80 81 40 80 25 41 10 57 20
221 81 80 40 80 25 41 1 57 16
222 81 82 40 80 25 38 6 60 17
223 82 81 40 60 20 23 9 43 12
224 88 83 48 120 35 53 9 80 17
225 93 88 48 48 12 21 9
226 98 93 48 96 25 52 7 70 19
227 103 98 48 96 25 44 10 74 12
228 84 89 48 72 20 26 7 48 15
229 89 94 48 120 35 59 6 89 19
230 94 99 48 120 35 60 9 82 21
231 99 104 48 120 35 54 9 91 21
232 85 90 48 144 55 47 21 123 37
233 90 85 48 144 55 47 15 128 36
234 90 95 48 144 55 49 17 121 40
235 95 90 48 144 55 48 16 122 43
236 95 100 48 144 55 48 19 125 37
237 100 95 48 144 55 50 19 128 45
238 100 105 48 144 55 47 17 120 42
239 105 100 48 144 55 49 24 126 40
240 91 86 48 120 35 61 5 91 22
241 96 91 48 96 25 42 6 68 16
242 101 96 48 120 35 62 10 91 21
243 106 101 48 72 20 26 6 46 8
244 87 92 48 120 35 56 14 89 18
245 92 97 48 48 12 21 10
246 97 102 48 120 35 59 15 90 22
247 102 107 48 120 35 51 12 86 22
248 83 84 48 96 25 53 3 70 18
249 84 85 48 120 35 62 10 91 23
250 85 86 48 96 25 44 8 68 10
251 86 87 48 48 12 21 8
252 89 88 48 96 25 49 4 71 12
253 90 89 48 96 25 45 3 68 12
254 91 90 48 96 25 42 5 73 13
255 92 91 48 120 35 54 9 81 17
256 93 94 48 144 55 45 24 128 40
257 94 93 48 144 55 48 20 120 40
258 94 95 48 144 55 51 23 130 39
259 95 94 48 144 55 42 16 122 45
260 95 96 48 144 55 45 25 119 41
261 96 95 48 144 55 44 19 119 38
262 96 97 48 144 55 50 22 129 41
263 97 96 48 144 55 45 17 128 45
264 98 99 48 120 35 54 5 82 15
265 99 100 48 120 35 58 5 86 20
266 100 101 48 72 20 24 4 51 8
267 101 102 48 120 35 56 13 90 25
268 104 103 48 120 35 52 15 86 22
269 105 104 48 120 35 57 6 92 23
270 106 105 48 120 35 62 9 82 22
271 107 106 48 96 25 51 9 77 13
272 108 113 40 80 25 39 6 59 10
273 113 108 40 40 12 19 7
274 113 118 40 80 25 36 2 56 11
275 118 113 40 80 25 36 5 57 15
276 118 123 40 80 25 42 3 58 17
277 123 118 40 60 20 24 5 36 15
278 123 128 40 60 20 24 2 36 8
279 128 123 40 80 25 43 6 55 10
280 109 114 40 60 20 24 4 41 15
281 114 109 40 60 20 17 1 41 13
282 114 119 40 80 25 41 4 61 17
283 119 114 40 60 20 24 8 37 14
284 119 124 40 60 20 20 5 37 15
285 124 119 40 80 25 44 10 56 18
286 124 129 40 80 25 42 7 59 17
287 129 124 40 60 20 23 8 44 14
288 110 115 40 100 35 46 5 71 20
289 115 110 40 100 35 48 5 67 17
290 115 120 40 100 35 47 15 67 24
291 120 115 40 100 35 44 14 70 20
292 120 125 40 100 35 47 5 75 23
293 125 120 40 100 35 45 12 73 25
294 125 130 40 100 35 47 11 68 20
295 130 125 40 100 35 52 5 70 17
296 111 116 40 60 20 18 8 44 13
297 116 111 40 40 12 15 5
298 116 121 40 60 20
299 121 116 40 40 12 17 9
300 121 126 40 80 25 40 6 61 14
301 126 121 40 80 25 43 3 62 13
302 126 131 40 80 25 42 7 61 11
303 131 126 40 60 20 16 6 36 7
304 112 117 40 80 25 36 6 61 12
305 117 112 40 80 25 43 8 55 19
306 117 122 40 80 25 36 7 63 13
307 122 117 40 60 20 22 8 41 11
308 122 127 40 80 25 42 2 57 19
309 127 122 40 80 25 40 9 57 20
310 127 132 40 80 25 35 2 63 13
311 132 127 40 60 20 21 2 41 15
312 108 109 40 80 25 36 7 58 17
313 109 108 40 60 20
314 109 110 40 40 12 21 4
315 110 109 40 80 25 40 10 57 15
316 110 111 40 80 25 41 2 57 10
317 111 110 40 80 25 43 7 60 19
318 111 112 40 60 20
319 112 111 40 40 12 19 5
320 113 114 40 80 25 41 5 59 19
321 114 113 40 40 12 21 4
322 114 115 40 60 20 16 1 40 15
323 115 114 40 60 20 18 8 37 9
324 115 116 40 80 25 43 1 59 18
325 116 115 40 60 20 23 2 42 7
326 116 117 40 80 25 43 3 58 11
327 117 116 40 60 20 19 9 39 10
328 118 119 40 100 35 48 10 70 21
329 119 118 40 100 35 48 13 68 20
330 119 120 40 100 35 51 15 74 22
331 120 119 40 100 35 47 9 71 17
332 120 121 40 100 35 52 13 75 19
333 121 120 40 100 35 45 9 67 18
334 121 122 40 100 35 50 9 73 24
335 122 121 40 100 35 52 12 72 15
336 123 124 40 60 20 24 7 43 8
337 124 123 40 60 20 20 1 36 15
338 124 125 40 60 20 20 8 44 12
339 125 124 40 80 25 41 5 61 12
340 125 126 40 40 12 23 7
341 126 125 40 40 12 15 8
342 126 127 40 60 20
343 127 126 40 80 25 39 4 58 12
344 128 129 40 80 25 35 1 57 18
345 129 128 40 40 12 18 7
346 129 130 40 60 20 19 9 41 10
347 130 129 40 80 25 35 7 63 10
348 130 131 40 80 25 39 7 63 19
349 131 130 40 40 12 21 3
350 131 132 40 80 25 43 2 60 12
351 132 131 40 80 25 42 8 63 13
352 138 133 48 96 25 54 9 77 18
353 143 138 48 48 12 21 4
354 148 143 48 96 25 50 3 72 20
355 153 148 48 72 20 29 4 42 11
356 134 139 48 120 35 62 13 87 15
357 139 144 48 120 35 63 12 81 15
358 144 149 48 96 25 51 2 66 14
359 149 154 48 96 25 46 2 67 10
360 135 140 48 144 55 49 16 123 40
361 140 135 48 144 55 51 21 118 35
362 140 145 48 144 55 50 22 119 41
363 145 140 48 144 55 49 24 121 44
364 145 150 48 144 55 50 18 126 42
365 150 145 48 144 55 52 23 119 38
366 150 155 48 144 55 46 22 123 36
367 155 150 48 144 55 48 25 122 45
368 141 136 48 120 35 54 13 92 21
369 146 141 48 120 35 63 6 83 23
370 151 146 48 120 35 62 7 83 22
371 156 151 48 96 25 43 3 71 11
372 137 142 48 120 35 63 7 83 17
373 142 147 48 96 25 47 3 68 15
374 147 152 48 96 25
375 152 157 48 96 25 51 4 77 17
376 133 134 48 120 35 61 10 88 15
377 134 135 48 120 35 54 10 82 16
378 135 136 48 96 25 48 10 69 12
379 136 137 48 120 35 58 15 91 17
380 139 138 48 120 35 57 6 89 22
381 140 139 48 96 25 42 6 75 20
382 141 140 48 120 35 63 11 90 19
383 142 141 48 120 35 53 8 80 23
384 143 144 48 144 55 42 15 128 45
385 144 143 48 144 55 53 19 120 45
386 144 145 48 144 55 42 21 125 45
387 145 144 48 144 55 48 18 125 38
388 145 146 48 144 55 53 17 130 39
389 146 145 48 144 55 50 25 127 38
390 146 147 48 144 55 46 15 119 37
391 147 146 48 144 55 42 22 124 43
392 148 149 48 120 35 56 11 89 16
393 149 150 48 72 20 25 7 51 14
394 150 151 48 96 25 51 8 73 13
395 151 152 48 96 25 43 5 66 12
396 154 153 48 96 25 51 4 74 14
397 155 154 48 96 25 43 4 67 18
398 156 155 48 120 35 54 7 88 21
399 157 156 48 120 35 63 11 88 20
400 158 163 40 60 20 23 10 41 14
401 163 158 40 60 20 22 2 42 13
402 163 168 40 80 25 39 9 59 19
403 168 163 40 80 25 42 5 63 10
404 168 173 40 80 25 43 1 55 11
405 173 168 40 60 20 23 10 35 11
406 173 178 40 60 20 22 4 41 15
407 178 173 40 60 20 17 3 38 14
408 159 164 40 80 25 43 8 56 16
409 164 159 40 40 12 15 8
410 164 169 40 80 25 41 7 59 20
411 169 164 40 80 25 37 10 63 12
412 169 174 40 80 25
413 174 169 40 60 20 16 6 38 11
414 174 179 40 40 12 24 1
415 179 174 40 60 20 20 10 36 11
416 160 165 40 100 35 43 9 72 15
417 165 160 40 100 35 44 13 69 22
418 165 170 40 100 35 48 10 70 25
419 170 165 40 100 35 45 10 76 24
420 170 175 40 100 35 47 9 70 23
421 175 170 40 100 35 48 14 73 18
422 175 180 40 100 35 52 6 71 18
423 180 175 40 100 35 48 9 73 23
424 161 166 40 40 12 21 1
425 166 161 40 60 20 15 5 36 7
426 166 171 40 60 20 21 1 40 5
427 171 166 40 80 25 38 2 56 16
428 171 176 40 80 25 40 8 55 18
429 176 171 40 40 12 25 1
430 176 181 40 60 20 20 4 37 15
431 181 176 40 60 20 23 8 38 9
432 162 167 40 60 20 23 7 38 10
433 167 162 40 80 25 40 7 57 16
434 167 172 40 80 25 35 7 62 15
435 172 167 40 80 25 36 5 55 19
436 172 177 40 40 12 19 3
437 177 172 40 80 25 40 7 55 16
438 177 182 40 60 20 22 4 43 5
439 182 177 40 60 20 23 2 37 6
440 158 159 40 80 25 39 4 63 20
441 159 158 40 60 20 17 4 43 12
442 159 160 40 40 12 18 2
443 160 159 40 80 25 42 4 56 19
444 160 161 40 80 25 35 1 64 16
445 161 160 40 60 20 22 9 44 10
446 161 162 40 60 20 19 9 36 10
447 162 161 40 60 20 18 6 37 7
448 163 164 40 80 25 42 5 55 11
449 164 163 40 40 12 24 1
450 164 165 40 60 20 17 10 37 11
451 165 164 40 60 20 15 9 40 13
452 165 166 40 60 20 20 2 35 6
453 166 165 40 60 20 16 9 38 14
454 166 167 40 80 25 38 3 56 15
455 167 166 40 60 20 21 1 45 15
456 168 169 40 100 35 47 11 67 19
457 169 168 40 100 35 52 13 68 15
458 169 170 40 100 35 46 5 74 23
459 170 169 40 100 35 43 11 68 20
460 170 171 40 100 35 52 15 68 20
461 171 170 40 100 35 50 8 72 23
462 171 172 40 100 35 51 14 74 25
463 172 171 40 100 35 50 7 67 23
464 173 174 40 60 20 16 9 38 10
465 174 173 40 80 25 41 3 58 10
466 174 175 40 40 12 20 2
467 175 174 40 40 12 24 10
468 175 176 40 40 12 15 9
469 176 175 40 60 20 17 4 35 11
470 176 177 40 60 20 22 3 43 5
471 177 176 40 60 20
472 178 179 40 60 20 18 4 44 9
473 179 178 40 40 12 21 10
474 179 180 40 80 25
475 180 179 40 60 20 16 10 44 11
476 180 181 40 80 25 37 3 61 18
477 181 180 40 60 20 18 2 43 12
478 181 182 40 60 20 24 7 35 8
479 182 181 40 80 25 43 7 61 11
480 188 183 48 120 35 51 6 90 24
481 193 188 48 120 35 63 10 85 22
482 198 193 48 96 25 43 7 73 13
483 203 198 48 96 25 47 8 68 16
484 184 189 48 48 12 26 3
485 189 194 48 120 35 54 15 92 16
486 194 199 48 120 35 60 15 81 18
487 199 204 48 120 35 62 5 84 17
488 185 190 48 144 55 52 20 121 39
489 190 185 48 144 55 42 19 124 35
490 190 195 48 144 55 44 15 119 35
491 195 190 48 144 55 43 16 130 39
492 195 200 48 144 55 48 21 119 42
493 200 195 48 144 55 42 23 126 44
494 200 205 48 144 55 49 16 121 40
495 205 200 48 144 55 45 24 128 35
496 191 186 48 120 35 58 12 81 20
497 196 191 48 120 35 58 5 80 23
498 201 196 48 120 35 60 14 83 15
499 206 201 48 120 35 54 7 90 18
500 187 192 48 72 20 20 9 45 10
501 192 197 48 96 25 49 4 70 20
502 197 202 48 96 25 46 10 72 11
503 202 207 48 96 25 47 5 66 20
504 183 184 48 96 25 54 3 77 19
505 184 185 48 96 25 50 8 77 11
506 185 186 48 120 35 60 15 84 16
507 186 187 48 96 25 50 3 71 18
508 189 188 48 120 35 56 6 87 19
509 190 189 48 72 20 22 6 53 10
510 191 190 48 120 35 61 6 88 16
511 192 191 48 48 12 18 7
512 193 194 48 144 55 49 21 129 40
513 194 193 48 144 55 53 17 122 43
514 194 195 48 144 55 51 19 123 38
515 195 194 48 144 55 49 24 125 41
516 195 196 48 144 55 47 19 124 35
517 196 195 48 144 55 49 24 121 42
518 196 197 48 144 55 51 25 122 43
519 197 196 48 144 55 49 16 129 36
520 198 199 48 72 20 19 1 48 14
521 199 200 48 96 25 43 2 69 13
522 200 201 48 96 25 44 3 73 18
523 201 202 48 120 35 58 11 91 16
524 204 203 48 120 35 61 14 84 18
525 205 204 48 120 35 61 10 84 21
526 206 205 48 120 35 61 8 82 19
527 207 206 48 96 25 50 4 77 20
528 208 209 160 640 75 160 16 309 30 486 47 619 66
529 209 208 160 640 75 176 18 326 25 499 45 604 65
530 209 210 160 640 75 148 10 324 26 481 45 602 73
531 210 209 160 640 75 152 18 303 32 494 48 609 71
532 210 211 160 640 75 175 10 311 30 498 49 588 66
533 211 210 160 640 75 173 12 312 29 480 45 625 72
534 211 212 160 640 75 156 18 318 28 494 49 627 64
535 212 211 160 640 75 178 20 333 28 477 54 622 72
536 212 213 160 640 75 158 16 334 34 481 50 612 64
537 213 212 160 640 75 173 20 319 32 484 52 604 74
538 213 214 160 640 75 178 11 312 35 460 46 598 67
539 214 213 160 640 75 152 14 318 34 476 46 590 72
540 214 215 160 640 75 157 16 337 31 463 48 627 69
541 215 214 160 640 75 157 18 324 25 467 49 589 71
542 215 208 160 640 75 148 18 310 34 484 48 609 69
543 208 215 160 640 75 177 13 327 31 484 55 623 72
544 216 219 60 180 55 57 21 158 39
545 219 216 60 180 55 57 22 158 44
546 219 222 60 180 55 53 25 160 42
547 222 219 60 180 55 61 20 149 42
548 217 220 60 180 55 65 21 154 43
549 220 217 60 180 55 60 17 148 35
550 220 223 60 180 55 61 22 150 42
551 223 220 60 180 55 54 20 156 45
552 218 221 60 180 55 64 21 151 42
553 221 218 60 180 55 65 16 152 38
554 221 224 60 180 55 64 18 161 36
555 224 221 60 180 55 61 23 152 42
556 216 217 60 180 55 61 24 151 41
557 217 216 60 180 55 61 23 162 38
558 217 218 60 180 55 61 23 159 41
559 218 217 60 180 55 63 18 150 36
560 219 220 60 180 55 64 23 148 43
561 220 219 60 180 55 65 17 151 40
562 220 221 60 180 55 52 22 149 44
563 221 220 60 180 55 57 15 154 40
564 222 223 60 180 55 53 24 159 43
565 223 222 60 180 55 59 20 160 43
566 223 224 60 180 55 52 24 160 39
567 224 223 60 180 55 53 22 157 42
568 0 8 30 90 55 30 18 80 42
569 8 0 30 90 55 28 18 78 43
570 208 32 30 60 25 28 4 43 14
571 32 208 30 60 25 30 9 42 12
572 0 10 80 200 35 96 12 147 15
573 10 0 80 200 35 104 12 148 19
574 208 30 80 200 35 99 14 134 18
575 30 208 80 200 35 95 6 139 19
576 0 12 80 200 35 104 8 145 21
577 12 0 80 200 35 99 14 137 20
578 208 28 80 200 35 86 11 139 21
579 28 208 80 200 35 99 9 153 24
580 208 219 35 87 35 43 9 62 17
581 219 208 35 87 35 38 9 60 17
582 1 35 30 90 55 26 15 75 40
583 35 1 30 90 55 29 19 78 36
584 209 55 30 60 25 27 6 45 20
585 55 209 30 60 25 33 7 41 17
586 1 37 80 200 35 96 6 145 20
587 37 1 80 200 35 87 13 135 21
588 209 53 80 200 35 102 5 134 15
589 53 209 80 200 35 87 13 153 20
590 1 47 80 200 35 100 12 154 20
591 47 1 80 200 35 89 12 139 16
592 209 43 80 200 35 95 15 141 20
593 43 209 80 200 35 86 10 134 22
594 209 222 35 87 35 38 8 62 25
595 222 209 35 87 35 44 5 63 25
596 2 62 30 90 55 28 22 80 40
597 62 2 30 90 55 32 25 76 44
598 210 78 30 60 25 27 8 44 12
599 78 210 30 60 25 27 6 48 12
600 2 72 80 200 35 92 8 134 16
601 72 2 80 200 35 94 11 145 15
602 210 68 80 200 35 105 10 140 20
603 68 210 80 200 35 88 14 147 19
604 2 82 80 200 35 96 7 145 20
605 82 2 80 200 35 97 12 152 19
606 210 58 80 200 35 93 10 143 21
607 58 210 80 200 35 101 11 137 19
608 210 223 35 87 35 44 8 59 20
609 223 210 35 87 35 42 15 62 20
610 3 97 30 90 55 28 24 81 42
611 97 3 30 90 55 33 17 75 43
612 211 93 30 60 25 28 10 44 13
613 93 211 30 60 25 27 4 48 20
614 3 107 80 200 35 106 6 150 20
615 107 3 80 200 35 103 5 150 19
616 211 83 80 200 35 96 6 139 15
617 83 211 80 200 35 88 15 139 16
618 3 105 80 200 35 86 6 135 17
619 105 3 80 200 35 87 14 147 22
620 211 85 80 200 35 99 15 146 25
621 85 211 80 200 35 100 10 136 25
622 211 224 35 87 35 43 15 59 16
623 224 211 35 87 35 42 7 66 25
624 4 132 30 90 55 27 16 77 45
625 132 4 30 90 55 30 17 81 39
626 212 108 30 60 25 29 9 45 17
627 108 212 30 60 25 33 1 45 10
628 4 130 80 200 35 98 15 136 19
629 130 4 80 200 35 95 11 148 22
630 212 110 80 200 35 95 9 149 18
631 110 212 80 200 35 94 5 140 20
632 4 128 80 200 35 90 14 137 21
633 128 4 80 200 35 86 9 141 17
634 212 112 80 200 35 90 6 141 21
635 112 212 80 200 35 101 13 143 16
636 212 221 35 87 35 45 11 58 24
637 221 212 35 87 35 42 9 60 20
638 5 155 30 90 55 28 25 76 44
639 155 5 30 90 55 26 23 78 43
640 213 135 30 60 25 31 5 43 15
641 135 213 30 60 25 32 10 45 19
642 5 153 80 200 35 91 6 145 16
643 153 5 80 200 35 91 5 148 18
644 213 137 80 200 35 92 10 137 18
645 137 213 80 200 35 89 7 151 16
646 5 143 80 200 35 86 6 142 25
647 143 5 80 200 35 88 7 145 19
648 213 147 80 200 35 98 13 144 18
649 147 213 80 200 35 99 7 150 21
650 213 218 35 87 35 41 9 61 15
651 218 213 35 87 35 44 10 63 21
652 6 178 30 90 55 29 24 76 39
653 178 6 30 90 55 31 18 77 35
654 214 162 30 60 25 26 6 41 11
655 162 214 30 60 25 29 4 48 12
656 6 168 80 200 35 97 5 136 20
657 168 6 80 200 35 92 9 150 20
658 214 172 80 200 35 91 8 135 23
659 172 214 80 200 35 101 8 149 20
660 6 158 80 200 35 97 12 138 18
661 158 6 80 200 35 104 8 146 16
662 214 182 80 200 35 100 6 143 17
663 182 214 80 200 35 91 11 136 18
664 214 217 35 87 35 45 12 65 21
665 217 214 35 87 35 39 10 60 20
666 7 193 30 90 55 28 18 75 37
667 193 7 30 90 55 30 15 79 43
668 215 197 30 60 25 29 5 41 16
669 197 215 30 60 25
670 7 183 80 200 35 92 13 140 17
671 183 7 80 200 35 95 13 136 23
672 215 207 80 200 35 86 5 153 24
673 207 215 80 200 35 87 6 154 25
674 7 185 80 200 35 90 7 138 23
675 185 7 80 200 35 102 13 137 24
676 215 205 80 200 35 87 5 136 23
677 205 215 80 200 35 89 14 149 23
678 215 216 35 87 35 44 6 65 24
679 216 215 35 87 35 38 7 66 24
680 28 34 20 30 20 9 6 20 8
681 34 28 20 30 20 9 9 20 14
682 30 36 20 30 20 10 3 19 14
683 36 30 20 30 20 7 9 18 10
684 204 8 20 30 20 9 9 17 13
685 8 204 20 30 20 12 5 19 15
686 206 10 20 30 20 10 3 20 7
687 10 206 20 30 20 10 9 21 10
688 129 83 20 30 20 9 3 21 15
689 83 129 20 30 20 9 10 21 13
690 131 85 20 30 20
691 85 131 20 30 20
692 153 109 20 30 20 10 6 22 7
693 109 153 20 30 20 10 4 21 7
694 155 111 20 30 20 12 2 21 5
695 111 155 20 30 20 9 9 19 10
696 42 58 20 30 20
697 58 42 20 30 20 10 6 20 15
698 52 68 20 30 20 9 1 18 8
699 68 52 20 30 20 11 8 21 12
700 62 88 20 30 20 12 10 20 13
701 88 62 20 30 20 9 4 22 14
702 72 98 20 30 20 7 10 18 11
703 98 72 20 30 20 10 10 21 12
704 187 163 20 30 20 11 2 19 10
705 163 187 20 30 20 11 3 20 7
706 197 173 20 30 20 10 1 21 8
707 173 197 20 30 20 10 1 19 11
708 167 133 20 30 20 9 4 19 15
709 133 167 20 30 20
710 177 143 20 30 20 9 4 22 10
711 143 177 20 30 20 11 8 18 14
