0 33 36 44 60 4 7 2
1 7 24 43 122 14 30 2 34 6 39 10 41 12
2 40 49 43 269 6 48 2 71 4
3 22 21 43 42 4 4 2
4 40 24 47 331 7 6 2 59 4 77 6
5 19 39 50 20 4 6 2
6 9 7 51 86 6 14 2 21 4
7 35 37 45 134 4 12 2
8 36 40 45 1076 4 201 2
9 13 7 41 140 13 5 3 13 5 38 8 72 10 80 12
10 0 3 47 47 4 9 2
11 12 36 49 324 4 49 2
12 10 18 44 255 4 54 2
13 22 28 39 331 4 32 2
14 5 7 52 522 5 110 2 121 4
15 18 49 41 264 4 12 2
16 4 22 50 344 8 58 2 83 5
17 10 0 46 131 5 18 2 51 4
18 37 4 46 75 4 17 2
19 10 44 52 307 4 45 2
20 20 1 37 322 12 18 3 49 7 112 10
21 16 46 39 377 4 64 2
22 22 12 47 71 4 14 2
23 32 13 40 360 4 75 2
24 33 41 43 177 4 34 2
25 7 26 52 261 4 61 2
26 7 11 47 461 4 41 2
27 24 24 50 204 25 49 2 60 6 70 9 76 16 86 19
28 40 30 53 56 4 14 2
29 10 39 44 205 6 24 2 32 4
30 36 25 47 339 4 10 2
31 18 31 46 142 5 2 2 11 4
32 46 18 44 241 4 24 2
33 31 31 46 161 4 39 2
34 23 31 48 454 12 5 3 96 7 162 9
35 27 45 44 300 4 62 2
36 19 11 50 164 4 7 2
37 43 36 41 104 4 26 2
38 40 28 43 231 4 49 2
39 23 35 40 699 5 63 2 223 4
40 49 20 44 131 4 3 2
41 31 34 45 645 22 41 4 112 8 221 14 263 20
42 17 40 45 158 4 34 2
43 29 28 42 81 4 8 2
44 39 18 43 70 4 16 2
45 33 8 44 50 4 9 2
46 9 9 41 39 4 9 2
47 18 14 45 281 4 34 2
48 36 47 45 191 11 29 3 54 6 69 9
49 25 45 47 184 15 11 4 57 8 103 11 141 14
50 24 0 38 134 19 8 3 34 5 60 9 63 12 92 14 96 16
51 36 19 38 39 4 5 2
52 34 26 43 358 7 14 2 48 4 137 6
53 17 1 44 32 5 8 2 14 4
54 24 34 44 163 5 35 2 61 4
55 36 3 51 70 8 8 3 10 6
56 22 30 46 208 4 17 2
57 35 48 47 155 11 39 2 41 4 73 7 80 10
58 2 27 39 121 13 22 4 32 7 41 11
59 8 12 43 409 6 37 2 117 4
60 9 28 43 132 4 20 2
61 35 42 47 194 4 6 2
62 1 20 41 92 4 21 2
63 32 33 40 906 4 186 2
64 28 12 39 72 6 2 2 18 4
65 33 1 51 235 8 56 3 85 6
66 21 21 36 234 4 9 2
67 15 0 43 57 4 9 2
68 41 16 43 183 5 40 2 61 4
69 4 6 41 113 8 3 3 23 6
70 26 42 44 109 4 14 2
71 11 18 55 459 4 111 2
72 46 0 32 359 4 90 2
73 34 7 44 615 4 31 2
74 10 23 48 594 4 88 2
75 21 28 41 36 13 5 4 13 6 18 10
76 14 31 44 121 4 19 2
77 24 2 46 242 4 6 2
78 38 37 45 213 4 2 2
79 49 33 45 395 5 38 2 108 4
80 10 47 49 715 4 153 2
81 22 26 45 153 4 5 2
82 33 10 49 215 4 26 2
83 9 1 51 422 4 94 2
84 9 14 52 42 4 3 2
85 19 29 47 40 4 11 2
86 30 45 41 163 4 10 2
87 21 41 41 102 4 22 2
88 29 32 41 128 4 30 2
89 21 29 43 373 14 16 2 19 6 30 10 45 13
90 22 3 43 127 4 21 2
91 41 42 43 467 4 8 2
92 1 16 45 158 4 36 2
93 19 2 44 571 14 7 3 27 5 113 8 255 10 290 12
94 27 11 50 133 4 17 2
95 42 6 47 90 4 2 2
96 23 21 50 92 4 13 2
97 22 4 47 922 4 61 2
98 37 25 48 242 4 42 2
99 6 27 43 124 4 26 2
100 23 44 54 177 4 10 2
101 37 47 45 157 4 12 2
102 41 19 40 518 10 64 2 106 5 176 7
103 35 45 42 416 8 102 2 123 5 215 7
104 26 32 53 372 7 20 2 89 4 146 6
105 11 33 37 87 4 11 2
106 6 23 39 57 4 3 2
107 27 26 46 36 4 2 2
108 38 2 46 480 7 17 2 40 4 135 6
109 34 6 42 317 4 53 2
110 46 14 40 820 5 52 2 170 4
111 33 40 41 148 4 33 2
112 18 26 42 68 4 17 2
113 21 23 48 371 12 89 3 154 6 192 10
114 41 31 46 1125 4 62 2
115 22 46 42 168 10 21 2 33 5 38 8
116 29 45 49 152 16 6 4 42 7 57 9 67 12 85 14
117 39 43 40 56 4 6 2
118 14 36 39 234 4 28 2
119 32 34 45 240 15 25 2 52 4 63 8 99 12 133 14
120 43 18 49 285 4 28 2
121 42 23 47 237 4 52 2
122 37 15 51 107 4 4 2
123 39 16 49 127 8 4 2 15 5 43 7
124 9 26 43 331 6 76 2 140 4
125 17 8 52 249 26 2 7 51 11 67 17 123 19 184 23 193 25
126 17 24 37 36 4 2 2
127 41 14 41 208 4 36 2
128 2 36 50 61 25 15 6 30 11 32 16 41 20 43 24
129 40 35 50 534 12 6 3 40 6 107 8 123 11
130 1 46 50 53 4 4 2
131 34 40 38 192 5 22 2 28 4
132 24 40 48 71 4 14 2
133 32 12 50 63 4 4 2
134 28 10 48 169 4 15 2
135 23 13 51 27 7 5 2 8 4 10 6
136 49 12 46 100 4 23 2
137 11 24 39 41 4 6 2
138 37 37 46 167 4 5 2
139 42 48 45 874 4 53 2
140 34 22 50 1207 16 56 4 242 7 521 12
141 1 8 38 367 6 52 2 70 4
142 30 26 45 121 5 5 2 26 4
143 32 49 41 23 20 2 3 6 6 10 11 15 16
144 26 37 33 57 4 11 2
145 3 24 39 130 19 30 3 61 6 77 11 91 13 111 16 120 18
146 0 40 47 358 6 26 2 102 4
147 0 39 34 50 4 13 2
148 23 20 43 75 8 8 3 15 6
149 9 6 48 63 4 12 2
150 19 5 43 210 7 9 2 57 4 74 6
151 26 31 51 470 4 33 2
152 14 11 39 33 4 7 2
153 48 33 39 182 4 21 2
154 42 13 52 91 4 17 2
155 8 22 45 463 7 87 2 180 4 253 6
156 20 46 44 35 4 6 2
157 41 8 48 234 12 18 3 32 7 70 11
158 47 18 48 336 4 28 2
159 38 43 49 58 6 12 2 14 4
160 20 45 45 97 9 13 3 33 5 43 8
161 15 33 47 262 6 56 2 104 4
162 8 18 42 104 4 5 2
163 8 30 38 87 5 13 2 24 4
164 2 28 48 87 4 8 2
165 0 45 43 252 4 20 2
166 28 41 50 92 4 8 2
167 24 38 38 107 4 23 2
168 43 46 44 217 4 40 2
169 20 44 42 326 8 5 2 66 5 93 7
170 39 35 42 231 4 18 2
171 28 4 46 272 4 58 2
172 29 0 46 191 4 26 2
173 34 33 45 72 4 2 2
174 36 41 49 20 4 6 2
175 1 35 38 90 12 4 3 14 5 28 9
176 2 10 51 59 4 12 2
177 25 12 43 233 4 51 2
178 12 34 46 286 4 70 2
179 33 28 36 650 6 143 2 293 4
180 41 45 47 440 4 108 2
181 43 45 44 23 4 3 2
182 46 28 50 207 4 31 2
183 7 47 44 184 4 19 2
184 35 31 39 160 4 33 2
185 35 47 41 142 4 8 2
186 0 11 43 323 4 10 2
187 17 9 48 367 4 17 2
188 45 7 45 232 4 57 2
189 23 25 45 289 4 58 2
190 21 11 50 27 25 3 2 10 7 15 13 18 20 25 23
191 32 38 50 174 4 39 2
192 34 24 42 36 8 8 2 12 4 19 7
193 5 27 42 263 6 24 2 74 4
194 26 35 52 327 4 15 2
195 3 30 42 330 21 70 4 86 10 131 15
196 24 5 45 414 4 84 2
197 40 42 37 139 4 31 2
198 47 33 44 31 7 6 2 10 4 12 6
199 15 22 48 141 4 9 2
200 1 6 38 20 4 4 2
201 40 10 49 91 6 8 2 30 4
202 0 7 48 1225 4 198 2
203 15 31 45 1544 5 387 2 586 4
204 25 29 48 161 24 33 2 38 9 65 13 71 16 99 23
205 5 29 40 92 4 16 2
206 42 21 44 65 4 6 2
207 16 21 43 287 14 51 2 93 4 130 6 158 9 172 13
208 24 11 44 307 22 70 6 107 9 163 13 193 18 214 20
209 47 43 38 67 4 8 2
210 9 30 45 67 22 11 5 15 10 32 16 43 20
211 44 8 48 382 16 59 4 83 8 168 13
212 33 47 41 245 10 14 2 46 4 65 7 104 9
213 45 11 37 33 4 3 2
214 21 2 44 311 11 29 3 83 6 145 8 219 10
215 22 36 34 268 4 24 2
216 18 6 43 260 4 44 2
217 13 41 52 66 4 12 2
218 29 44 50 467 4 87 2
219 15 25 43 220 6 52 2 55 4
220 12 41 41 186 4 31 2
221 25 42 40 553 8 53 2 147 5 157 7
222 31 5 43 59 6 6 2 8 4
223 31 3 44 49 4 4 2
224 32 48 46 183 6 4 2 33 4
225 17 36 43 113 14 7 3 27 7 48 11
226 36 32 43 91 5 23 2 30 4
227 4 23 35 62 4 10 2
228 29 39 46 448 4 21 2
229 32 17 49 230 4 51 2
230 47 49 42 413 6 14 2 108 4
231 19 16 53 702 4 17 2
232 41 41 46 494 4 59 2
233 29 24 50 56 4 5 2
234 36 26 49 33 4 3 2
235 44 46 46 458 23 33 3 36 5 77 10 115 15 230 21
236 9 29 43 120 4 30 2
237 46 35 47 392 9 83 2 177 4 228 6 250 8
238 2 19 42 112 4 11 2
239 40 4 48 283 4 70 2
240 24 4 46 95 15 8 4 23 8 28 11 43 13
241 29 8 46 130 15 30 4 37 7 52 9 66 11
242 27 19 46 377 4 73 2
243 48 23 46 66 11 14 2 21 5 29 7 45 10
244 18 44 37 529 18 10 3 99 8 230 13
245 5 8 50 402 4 64 2
246 15 27 46 340 4 58 2
247 26 7 44 613 8 84 3 178 6
248 2 14 45 346 7 33 2 102 4 132 6
249 32 0 38 137 4 23 2
250 28 33 39 72 7 8 2 23 4 40 6
251 0 30 38 24 4 2 2
252 36 37 39 161 4 18 2
253 1 45 41 60 4 16 2
254 11 39 50 139 12 31 2 48 6 53 8 73 11
255 13 19 42 471 4 82 2
256 8 26 40 1091 4 124 2
257 18 48 47 160 4 35 2
258 29 1 44 26 4 5 2
259 29 43 44 34 4 9 2
260 24 42 47 21 15 6 4 9 6 13 10 17 13
261 1 47 50 20 4 6 2
262 15 40 45 275 9 35 3 50 6
263 37 16 44 175 4 16 2
264 43 29 47 171 4 23 2
265 5 39 43 314 4 26 2
266 22 22 43 62 4 10 2
267 14 30 51 491 5 96 2 149 4
268 30 47 42 245 4 57 2
269 41 5 50 239 5 27 2 40 4
270 3 33 50 149 4 37 2
271 46 3 47 138 4 16 2
272 27 30 42 129 4 32 2
273 10 35 48 270 5 60 2 105 4
274 20 11 49 35 4 5 2
275 20 38 51 85 4 19 2
276 29 6 43 35 21 2 5 6 10 14 16
277 35 16 50 89 4 7 2
278 29 7 53 80 4 3 2
279 40 8 48 94 12 6 2 25 5 31 9 52 11
280 11 11 53 274 4 8 2
281 27 17 46 165 4 25 2
282 24 12 41 186 4 41 2
283 25 30 42 51 4 4 2
284 26 49 43 137 4 12 2
285 8 23 45 267 22 49 4 94 10 115 13 155 15 162 19
286 0 9 44 230 4 51 2
287 47 38 38 110 19 13 3 25 8 29 10 42 14 51 16
288 19 43 48 196 6 35 2 59 4
289 26 16 48 213 12 20 4 74 6 123 10
290 24 31 50 322 4 63 2
291 44 11 38 215 5 46 2 73 4
292 27 9 45 154 5 17 2 51 4
293 42 25 45 339 11 3 3 73 6 106 8
294 31 20 39 70 5 12 2 27 4
295 7 30 42 1043 4 229 2
296 1 9 48 305 4 54 2
297 30 6 43 26 4 7 2
298 15 20 42 99 21 23 4 42 7 51 10 58 12 64 14 80 17 96 19
299 16 32 43 26 14 5 4 7 7 11 11
300 32 23 45 20 4 6 2
301 14 12 42 129 4 19 2
302 20 13 39 157 4 22 2
303 8 49 52 250 4 30 2
304 37 34 48 173 4 44 2
305 15 46 43 150 4 22 2
306 43 39 51 98 17 14 2 19 5 21 9 38 11 62 14 67 16
307 42 39 45 361 7 63 2 111 4 194 6
308 39 29 46 449 4 11 2
309 45 15 39 101 4 12 2
310 34 43 46 27 4 2 2
311 43 31 47 140 4 5 2
312 19 31 44 211 4 50 2
313 46 25 34 76 4 20 2
314 16 0 54 65 4 10 2
315 6 13 47 89 4 7 2
316 39 1 42 181 14 20 2 39 5 84 8 113 11
317 49 16 40 93 4 10 2
318 17 20 50 438 5 110 2 131 4
319 35 5 44 283 4 49 2
320 15 38 41 388 4 22 2
321 12 4 39 181 6 36 2 77 4
322 23 47 47 35 9 7 3 12 5 20 8
323 25 49 47 66 4 15 2
324 18 25 46 471 15 18 3 84 5 192 9 278 11 297 13
325 48 1 39 188 4 42 2
326 10 17 46 562 4 118 2
327 32 42 50 203 7 38 2 53 4 103 6
328 25 48 42 199 4 23 2
329 21 48 55 238 6 41 2 50 4
330 40 20 48 52 24 10 4 14 11 20 17 33 22
331 35 13 49 454 24 58 3 83 5 148 11 223 16 237 19 248 22
332 33 13 43 354 4 74 2
333 35 26 45 101 4 21 2
334 14 13 49 68 4 7 2
335 43 16 35 603 4 70 2
336 43 30 53 288 13 3 4 55 8 108 11
337 10 11 47 20 4 6 2
338 16 5 51 62 4 4 2
339 13 32 45 209 4 27 2
340 39 49 42 34 6 9 2 15 4
341 3 21 42 36 4 6 2
342 26 10 44 178 11 10 3 37 5 66 8 73 10
343 5 35 46 271 11 43 3 46 5 97 7 153 10
344 44 38 53 70 4 5 2
345 8 44 39 48 4 13 2
346 31 35 45 115 7 14 2 38 4 51 6
347 6 12 43 662 4 108 2
348 2 17 44 279 8 44 3 54 6
349 9 36 45 231 4 25 2
350 27 6 44 28 4 6 2
351 8 43 48 50 9 5 3 18 5 26 7
352 3 39 50 203 4 22 2
353 2 7 46 314 4 65 2
354 0 43 44 368 4 75 2
355 43 14 47 121 5 27 2 42 4
356 23 43 45 999 7 62 2 285 4 454 6
357 34 31 43 700 4 113 2
358 4 31 42 47 14 12 4 14 6 19 8 21 12
359 45 26 47 25 4 2 2
360 3 20 47 438 4 87 2
361 12 18 48 70 4 2 2
362 30 7 46 103 4 5 2
363 18 11 47 432 5 85 2 175 4
364 17 19 48 78 4 20 2
365 1 49 51 195 8 10 2 51 5 60 7
366 27 10 36 839 4 45 2
367 24 1 48 450 24 55 4 82 6 105 12 167 16 190 22
368 44 12 37 82 4 9 2
369 14 27 53 192 26 17 2 44 4 57 9 90 12 137 16 170 19
370 27 32 48 80 6 4 2 10 4
371 28 18 50 254 5 46 2 65 4
372 11 12 44 178 4 26 2
373 16 26 44 20 4 6 2
374 40 40 38 305 4 47 2
375 49 0 46 82 4 20 2
376 44 27 46 722 4 82 2
377 30 17 40 54 4 10 2
378 1 23 38 28 4 7 2
379 32 30 47 133 4 16 2
380 9 24 42 49 4 8 2
381 44 39 51 68 4 14 2
382 5 4 45 130 4 28 2
383 39 0 42 26 4 6 2
384 40 32 43 283 4 42 2
385 8 4 44 66 11 16 3 23 6 37 9
386 37 7 43 312 6 20 2 60 4
387 38 10 43 122 4 28 2
388 4 30 40 190 4 29 2
389 42 15 51 573 4 80 2
